2020/09/04-23:28:46.354054 7fe494dee700 RocksDB version: 6.7.3
2020/09/04-23:28:46.354078 7fe494dee700 Git sha rocksdb_build_git_sha:@0915c99f01b46f50af8e02da8b6528156f584b7c@
2020/09/04-23:28:46.354080 7fe494dee700 Compile date Aug 20 2020
2020/09/04-23:28:46.354082 7fe494dee700 DB SUMMARY
2020/09/04-23:28:46.354114 7fe494dee700 CURRENT file:  CURRENT
2020/09/04-23:28:46.354116 7fe494dee700 IDENTITY file:  IDENTITY
2020/09/04-23:28:46.354122 7fe494dee700 MANIFEST file:  MANIFEST-000034 size: 559 Bytes
2020/09/04-23:28:46.354123 7fe494dee700 SST files in db.ss2/secretstore/db dir, Total Num: 2, files: 000021.sst 000033.sst 
2020/09/04-23:28:46.354125 7fe494dee700 Write Ahead Log file in db.ss2/secretstore/db: 000035.log size: 2468 ; 
2020/09/04-23:28:46.354126 7fe494dee700                         Options.error_if_exists: 0
2020/09/04-23:28:46.354128 7fe494dee700                       Options.create_if_missing: 1
2020/09/04-23:28:46.354129 7fe494dee700                         Options.paranoid_checks: 1
2020/09/04-23:28:46.354130 7fe494dee700                                     Options.env: 0x5571b4e30ea0
2020/09/04-23:28:46.354131 7fe494dee700                                      Options.fs: Posix File System
2020/09/04-23:28:46.354133 7fe494dee700                                Options.info_log: 0x5571b64e3380
2020/09/04-23:28:46.354134 7fe494dee700                Options.max_file_opening_threads: 16
2020/09/04-23:28:46.354135 7fe494dee700                              Options.statistics: (nil)
2020/09/04-23:28:46.354136 7fe494dee700                               Options.use_fsync: 0
2020/09/04-23:28:46.354137 7fe494dee700                       Options.max_log_file_size: 0
2020/09/04-23:28:46.354138 7fe494dee700                  Options.max_manifest_file_size: 1073741824
2020/09/04-23:28:46.354139 7fe494dee700                   Options.log_file_time_to_roll: 0
2020/09/04-23:28:46.354141 7fe494dee700                       Options.keep_log_file_num: 1
2020/09/04-23:28:46.354142 7fe494dee700                    Options.recycle_log_file_num: 0
2020/09/04-23:28:46.354143 7fe494dee700                         Options.allow_fallocate: 1
2020/09/04-23:28:46.354144 7fe494dee700                        Options.allow_mmap_reads: 0
2020/09/04-23:28:46.354145 7fe494dee700                       Options.allow_mmap_writes: 0
2020/09/04-23:28:46.354145 7fe494dee700                        Options.use_direct_reads: 0
2020/09/04-23:28:46.354146 7fe494dee700                        Options.use_direct_io_for_flush_and_compaction: 0
2020/09/04-23:28:46.354147 7fe494dee700          Options.create_missing_column_families: 0
2020/09/04-23:28:46.354148 7fe494dee700                              Options.db_log_dir: 
2020/09/04-23:28:46.354149 7fe494dee700                                 Options.wal_dir: db.ss2/secretstore/db
2020/09/04-23:28:46.354150 7fe494dee700                Options.table_cache_numshardbits: 6
2020/09/04-23:28:46.354151 7fe494dee700                      Options.max_subcompactions: 1
2020/09/04-23:28:46.354152 7fe494dee700                  Options.max_background_flushes: -1
2020/09/04-23:28:46.354153 7fe494dee700                         Options.WAL_ttl_seconds: 0
2020/09/04-23:28:46.354154 7fe494dee700                       Options.WAL_size_limit_MB: 0
2020/09/04-23:28:46.354155 7fe494dee700                        Options.max_write_batch_group_size_bytes: 1048576
2020/09/04-23:28:46.354156 7fe494dee700             Options.manifest_preallocation_size: 4194304
2020/09/04-23:28:46.354157 7fe494dee700                     Options.is_fd_close_on_exec: 1
2020/09/04-23:28:46.354158 7fe494dee700                   Options.advise_random_on_open: 1
2020/09/04-23:28:46.354159 7fe494dee700                    Options.db_write_buffer_size: 0
2020/09/04-23:28:46.354160 7fe494dee700                    Options.write_buffer_manager: 0x5571b64e14b0
2020/09/04-23:28:46.354161 7fe494dee700         Options.access_hint_on_compaction_start: 1
2020/09/04-23:28:46.354162 7fe494dee700  Options.new_table_reader_for_compaction_inputs: 0
2020/09/04-23:28:46.354163 7fe494dee700           Options.random_access_max_buffer_size: 1048576
2020/09/04-23:28:46.354173 7fe494dee700                      Options.use_adaptive_mutex: 0
2020/09/04-23:28:46.354174 7fe494dee700                            Options.rate_limiter: (nil)
2020/09/04-23:28:46.354176 7fe494dee700     Options.sst_file_manager.rate_bytes_per_sec: 0
2020/09/04-23:28:46.354177 7fe494dee700                       Options.wal_recovery_mode: 2
2020/09/04-23:28:46.354177 7fe494dee700                  Options.enable_thread_tracking: 0
2020/09/04-23:28:46.354178 7fe494dee700                  Options.enable_pipelined_write: 0
2020/09/04-23:28:46.354179 7fe494dee700                  Options.unordered_write: 0
2020/09/04-23:28:46.354180 7fe494dee700         Options.allow_concurrent_memtable_write: 1
2020/09/04-23:28:46.354181 7fe494dee700      Options.enable_write_thread_adaptive_yield: 1
2020/09/04-23:28:46.354182 7fe494dee700             Options.write_thread_max_yield_usec: 100
2020/09/04-23:28:46.354183 7fe494dee700            Options.write_thread_slow_yield_usec: 3
2020/09/04-23:28:46.354184 7fe494dee700                               Options.row_cache: None
2020/09/04-23:28:46.354185 7fe494dee700                              Options.wal_filter: None
2020/09/04-23:28:46.354186 7fe494dee700             Options.avoid_flush_during_recovery: 0
2020/09/04-23:28:46.354187 7fe494dee700             Options.allow_ingest_behind: 0
2020/09/04-23:28:46.354188 7fe494dee700             Options.preserve_deletes: 0
2020/09/04-23:28:46.354189 7fe494dee700             Options.two_write_queues: 0
2020/09/04-23:28:46.354190 7fe494dee700             Options.manual_wal_flush: 0
2020/09/04-23:28:46.354191 7fe494dee700             Options.atomic_flush: 0
2020/09/04-23:28:46.354192 7fe494dee700             Options.avoid_unnecessary_blocking_io: 0
2020/09/04-23:28:46.354192 7fe494dee700                 Options.persist_stats_to_disk: 0
2020/09/04-23:28:46.354193 7fe494dee700                 Options.write_dbid_to_manifest: 0
2020/09/04-23:28:46.354194 7fe494dee700                 Options.log_readahead_size: 0
2020/09/04-23:28:46.354195 7fe494dee700             Options.max_background_jobs: 1
2020/09/04-23:28:46.354196 7fe494dee700             Options.max_background_compactions: -1
2020/09/04-23:28:46.354197 7fe494dee700             Options.avoid_flush_during_shutdown: 0
2020/09/04-23:28:46.354198 7fe494dee700           Options.writable_file_max_buffer_size: 1048576
2020/09/04-23:28:46.354199 7fe494dee700             Options.delayed_write_rate : 16777216
2020/09/04-23:28:46.354200 7fe494dee700             Options.max_total_wal_size: 0
2020/09/04-23:28:46.354201 7fe494dee700             Options.delete_obsolete_files_period_micros: 21600000000
2020/09/04-23:28:46.354202 7fe494dee700                   Options.stats_dump_period_sec: 600
2020/09/04-23:28:46.354203 7fe494dee700                 Options.stats_persist_period_sec: 600
2020/09/04-23:28:46.354204 7fe494dee700                 Options.stats_history_buffer_size: 1048576
2020/09/04-23:28:46.354205 7fe494dee700                          Options.max_open_files: 512
2020/09/04-23:28:46.354206 7fe494dee700                          Options.bytes_per_sync: 1048576
2020/09/04-23:28:46.354207 7fe494dee700                      Options.wal_bytes_per_sync: 0
2020/09/04-23:28:46.354208 7fe494dee700                   Options.strict_bytes_per_sync: 0
2020/09/04-23:28:46.354209 7fe494dee700       Options.compaction_readahead_size: 0
2020/09/04-23:28:46.354210 7fe494dee700 Compression algorithms supported:
2020/09/04-23:28:46.354211 7fe494dee700 	kZSTDNotFinalCompression supported: 0
2020/09/04-23:28:46.354213 7fe494dee700 	kZSTD supported: 0
2020/09/04-23:28:46.354214 7fe494dee700 	kXpressCompression supported: 0
2020/09/04-23:28:46.354215 7fe494dee700 	kLZ4HCCompression supported: 0
2020/09/04-23:28:46.354217 7fe494dee700 	kLZ4Compression supported: 0
2020/09/04-23:28:46.354218 7fe494dee700 	kBZip2Compression supported: 0
2020/09/04-23:28:46.354219 7fe494dee700 	kZlibCompression supported: 0
2020/09/04-23:28:46.354220 7fe494dee700 	kSnappyCompression supported: 1
2020/09/04-23:28:46.354226 7fe494dee700 Fast CRC32 supported: Supported on x86
2020/09/04-23:28:46.354620 7fe494dee700 [version_set.cc:4402] Recovering from manifest file: db.ss2/secretstore/db/MANIFEST-000034
2020/09/04-23:28:46.354716 7fe494dee700 [column_family.cc:552] --------------- Options for column family [default]:
2020/09/04-23:28:46.354719 7fe494dee700               Options.comparator: leveldb.BytewiseComparator
2020/09/04-23:28:46.354720 7fe494dee700           Options.merge_operator: None
2020/09/04-23:28:46.354721 7fe494dee700        Options.compaction_filter: None
2020/09/04-23:28:46.354722 7fe494dee700        Options.compaction_filter_factory: None
2020/09/04-23:28:46.354723 7fe494dee700         Options.memtable_factory: SkipListFactory
2020/09/04-23:28:46.354724 7fe494dee700            Options.table_factory: BlockBasedTable
2020/09/04-23:28:46.354750 7fe494dee700            table_factory options:   flush_block_policy_factory: FlushBlockBySizePolicyFactory (0x5571b64c07c0)
  cache_index_and_filter_blocks: 0
  cache_index_and_filter_blocks_with_high_priority: 1
  pin_l0_filter_and_index_blocks_in_cache: 0
  pin_top_level_index_and_filter: 1
  index_type: 0
  data_block_index_type: 0
  index_shortening: 1
  data_block_hash_table_util_ratio: 0.750000
  hash_index_allow_collision: 1
  checksum: 1
  no_block_cache: 0
  block_cache: 0x5571b6526770
  block_cache_name: LRUCache
  block_cache_options:
    capacity : 8388608
    num_shard_bits : 4
    strict_capacity_limit : 0
    memory_allocator : None
    high_pri_pool_ratio: 0.000
  block_cache_compressed: (nil)
  persistent_cache: (nil)
  block_size: 4096
  block_size_deviation: 10
  block_restart_interval: 16
  index_block_restart_interval: 1
  metadata_block_size: 4096
  partition_filters: 0
  use_delta_encoding: 1
  filter_policy: nullptr
  whole_key_filtering: 1
  verify_compression: 0
  read_amp_bytes_per_bit: 0
  format_version: 2
  enable_index_compression: 1
  block_align: 0
2020/09/04-23:28:46.354752 7fe494dee700        Options.write_buffer_size: 67108864
2020/09/04-23:28:46.354753 7fe494dee700  Options.max_write_buffer_number: 2
2020/09/04-23:28:46.354754 7fe494dee700          Options.compression: Snappy
2020/09/04-23:28:46.354755 7fe494dee700                  Options.bottommost_compression: Disabled
2020/09/04-23:28:46.354756 7fe494dee700       Options.prefix_extractor: nullptr
2020/09/04-23:28:46.354757 7fe494dee700   Options.memtable_insert_with_hint_prefix_extractor: nullptr
2020/09/04-23:28:46.354758 7fe494dee700             Options.num_levels: 7
2020/09/04-23:28:46.354759 7fe494dee700        Options.min_write_buffer_number_to_merge: 1
2020/09/04-23:28:46.354760 7fe494dee700     Options.max_write_buffer_number_to_maintain: 0
2020/09/04-23:28:46.354761 7fe494dee700     Options.max_write_buffer_size_to_maintain: 0
2020/09/04-23:28:46.354762 7fe494dee700            Options.bottommost_compression_opts.window_bits: -14
2020/09/04-23:28:46.354763 7fe494dee700                  Options.bottommost_compression_opts.level: 32767
2020/09/04-23:28:46.354765 7fe494dee700               Options.bottommost_compression_opts.strategy: 0
2020/09/04-23:28:46.354766 7fe494dee700         Options.bottommost_compression_opts.max_dict_bytes: 0
2020/09/04-23:28:46.354767 7fe494dee700         Options.bottommost_compression_opts.zstd_max_train_bytes: 0
2020/09/04-23:28:46.354768 7fe494dee700                  Options.bottommost_compression_opts.enabled: false
2020/09/04-23:28:46.354769 7fe494dee700            Options.compression_opts.window_bits: -14
2020/09/04-23:28:46.354770 7fe494dee700                  Options.compression_opts.level: 32767
2020/09/04-23:28:46.354771 7fe494dee700               Options.compression_opts.strategy: 0
2020/09/04-23:28:46.354772 7fe494dee700         Options.compression_opts.max_dict_bytes: 0
2020/09/04-23:28:46.354773 7fe494dee700         Options.compression_opts.zstd_max_train_bytes: 0
2020/09/04-23:28:46.354774 7fe494dee700                  Options.compression_opts.enabled: false
2020/09/04-23:28:46.354775 7fe494dee700      Options.level0_file_num_compaction_trigger: 4
2020/09/04-23:28:46.354787 7fe494dee700          Options.level0_slowdown_writes_trigger: 20
2020/09/04-23:28:46.354788 7fe494dee700              Options.level0_stop_writes_trigger: 36
2020/09/04-23:28:46.354789 7fe494dee700                   Options.target_file_size_base: 67108864
2020/09/04-23:28:46.354790 7fe494dee700             Options.target_file_size_multiplier: 1
2020/09/04-23:28:46.354791 7fe494dee700                Options.max_bytes_for_level_base: 268435456
2020/09/04-23:28:46.354792 7fe494dee700 Options.level_compaction_dynamic_level_bytes: 0
2020/09/04-23:28:46.354793 7fe494dee700          Options.max_bytes_for_level_multiplier: 10.000000
2020/09/04-23:28:46.354796 7fe494dee700 Options.max_bytes_for_level_multiplier_addtl[0]: 1
2020/09/04-23:28:46.354797 7fe494dee700 Options.max_bytes_for_level_multiplier_addtl[1]: 1
2020/09/04-23:28:46.354798 7fe494dee700 Options.max_bytes_for_level_multiplier_addtl[2]: 1
2020/09/04-23:28:46.354799 7fe494dee700 Options.max_bytes_for_level_multiplier_addtl[3]: 1
2020/09/04-23:28:46.354800 7fe494dee700 Options.max_bytes_for_level_multiplier_addtl[4]: 1
2020/09/04-23:28:46.354801 7fe494dee700 Options.max_bytes_for_level_multiplier_addtl[5]: 1
2020/09/04-23:28:46.354802 7fe494dee700 Options.max_bytes_for_level_multiplier_addtl[6]: 1
2020/09/04-23:28:46.354803 7fe494dee700       Options.max_sequential_skip_in_iterations: 8
2020/09/04-23:28:46.354804 7fe494dee700                    Options.max_compaction_bytes: 1677721600
2020/09/04-23:28:46.354805 7fe494dee700                        Options.arena_block_size: 8388608
2020/09/04-23:28:46.354806 7fe494dee700   Options.soft_pending_compaction_bytes_limit: 68719476736
2020/09/04-23:28:46.354807 7fe494dee700   Options.hard_pending_compaction_bytes_limit: 274877906944
2020/09/04-23:28:46.354808 7fe494dee700       Options.rate_limit_delay_max_milliseconds: 100
2020/09/04-23:28:46.354809 7fe494dee700                Options.disable_auto_compactions: 0
2020/09/04-23:28:46.354811 7fe494dee700                        Options.compaction_style: kCompactionStyleLevel
2020/09/04-23:28:46.354813 7fe494dee700                          Options.compaction_pri: kMinOverlappingRatio
2020/09/04-23:28:46.354814 7fe494dee700 Options.compaction_options_universal.size_ratio: 1
2020/09/04-23:28:46.354815 7fe494dee700 Options.compaction_options_universal.min_merge_width: 2
2020/09/04-23:28:46.354816 7fe494dee700 Options.compaction_options_universal.max_merge_width: 4294967295
2020/09/04-23:28:46.354817 7fe494dee700 Options.compaction_options_universal.max_size_amplification_percent: 200
2020/09/04-23:28:46.354818 7fe494dee700 Options.compaction_options_universal.compression_size_percent: -1
2020/09/04-23:28:46.354820 7fe494dee700 Options.compaction_options_universal.stop_style: kCompactionStopStyleTotalSize
2020/09/04-23:28:46.354821 7fe494dee700 Options.compaction_options_fifo.max_table_files_size: 1073741824
2020/09/04-23:28:46.354822 7fe494dee700 Options.compaction_options_fifo.allow_compaction: 0
2020/09/04-23:28:46.354823 7fe494dee700                   Options.table_properties_collectors: 
2020/09/04-23:28:46.354824 7fe494dee700                   Options.inplace_update_support: 0
2020/09/04-23:28:46.354825 7fe494dee700                 Options.inplace_update_num_locks: 10000
2020/09/04-23:28:46.354826 7fe494dee700               Options.memtable_prefix_bloom_size_ratio: 0.000000
2020/09/04-23:28:46.354827 7fe494dee700               Options.memtable_whole_key_filtering: 0
2020/09/04-23:28:46.354828 7fe494dee700   Options.memtable_huge_page_size: 0
2020/09/04-23:28:46.354829 7fe494dee700                           Options.bloom_locality: 0
2020/09/04-23:28:46.354830 7fe494dee700                    Options.max_successive_merges: 0
2020/09/04-23:28:46.354831 7fe494dee700                Options.optimize_filters_for_hits: 0
2020/09/04-23:28:46.354832 7fe494dee700                Options.paranoid_file_checks: 0
2020/09/04-23:28:46.354833 7fe494dee700                Options.force_consistency_checks: 0
2020/09/04-23:28:46.354834 7fe494dee700                Options.report_bg_io_stats: 0
2020/09/04-23:28:46.354840 7fe494dee700                               Options.ttl: 2592000
2020/09/04-23:28:46.354842 7fe494dee700          Options.periodic_compaction_seconds: 0
2020/09/04-23:28:46.355399 7fe494dee700 [column_family.cc:552] --------------- Options for column family [col0]:
2020/09/04-23:28:46.355404 7fe494dee700               Options.comparator: leveldb.BytewiseComparator
2020/09/04-23:28:46.355406 7fe494dee700           Options.merge_operator: None
2020/09/04-23:28:46.355407 7fe494dee700        Options.compaction_filter: None
2020/09/04-23:28:46.355408 7fe494dee700        Options.compaction_filter_factory: None
2020/09/04-23:28:46.355409 7fe494dee700         Options.memtable_factory: SkipListFactory
2020/09/04-23:28:46.355410 7fe494dee700            Options.table_factory: BlockBasedTable
2020/09/04-23:28:46.355433 7fe494dee700            table_factory options:   flush_block_policy_factory: FlushBlockBySizePolicyFactory (0x5571b64dbe90)
  cache_index_and_filter_blocks: 1
  cache_index_and_filter_blocks_with_high_priority: 1
  pin_l0_filter_and_index_blocks_in_cache: 1
  pin_top_level_index_and_filter: 1
  index_type: 0
  data_block_index_type: 0
  index_shortening: 1
  data_block_hash_table_util_ratio: 0.750000
  hash_index_allow_collision: 1
  checksum: 1
  no_block_cache: 0
  block_cache: 0x5571b64c0740
  block_cache_name: LRUCache
  block_cache_options:
    capacity : 44739242
    num_shard_bits : 6
    strict_capacity_limit : 0
    memory_allocator : None
    high_pri_pool_ratio: 0.500
  block_cache_compressed: (nil)
  persistent_cache: (nil)
  block_size: 16384
  block_size_deviation: 10
  block_restart_interval: 16
  index_block_restart_interval: 1
  metadata_block_size: 4096
  partition_filters: 0
  use_delta_encoding: 1
  filter_policy: rocksdb.BuiltinBloomFilter
  whole_key_filtering: 1
  verify_compression: 0
  read_amp_bytes_per_bit: 0
  format_version: 2
  enable_index_compression: 1
  block_align: 0
2020/09/04-23:28:46.355434 7fe494dee700        Options.write_buffer_size: 33554432
2020/09/04-23:28:46.355435 7fe494dee700  Options.max_write_buffer_number: 6
2020/09/04-23:28:46.355436 7fe494dee700          Options.compression: Snappy
2020/09/04-23:28:46.355437 7fe494dee700                  Options.bottommost_compression: Disabled
2020/09/04-23:28:46.355438 7fe494dee700       Options.prefix_extractor: nullptr
2020/09/04-23:28:46.355439 7fe494dee700   Options.memtable_insert_with_hint_prefix_extractor: nullptr
2020/09/04-23:28:46.355440 7fe494dee700             Options.num_levels: 7
2020/09/04-23:28:46.355441 7fe494dee700        Options.min_write_buffer_number_to_merge: 2
2020/09/04-23:28:46.355442 7fe494dee700     Options.max_write_buffer_number_to_maintain: 0
2020/09/04-23:28:46.355443 7fe494dee700     Options.max_write_buffer_size_to_maintain: 0
2020/09/04-23:28:46.355444 7fe494dee700            Options.bottommost_compression_opts.window_bits: -14
2020/09/04-23:28:46.355445 7fe494dee700                  Options.bottommost_compression_opts.level: 32767
2020/09/04-23:28:46.355446 7fe494dee700               Options.bottommost_compression_opts.strategy: 0
2020/09/04-23:28:46.355447 7fe494dee700         Options.bottommost_compression_opts.max_dict_bytes: 0
2020/09/04-23:28:46.355449 7fe494dee700         Options.bottommost_compression_opts.zstd_max_train_bytes: 0
2020/09/04-23:28:46.355450 7fe494dee700                  Options.bottommost_compression_opts.enabled: false
2020/09/04-23:28:46.355451 7fe494dee700            Options.compression_opts.window_bits: -14
2020/09/04-23:28:46.355452 7fe494dee700                  Options.compression_opts.level: 32767
2020/09/04-23:28:46.355453 7fe494dee700               Options.compression_opts.strategy: 0
2020/09/04-23:28:46.355454 7fe494dee700         Options.compression_opts.max_dict_bytes: 0
2020/09/04-23:28:46.355455 7fe494dee700         Options.compression_opts.zstd_max_train_bytes: 0
2020/09/04-23:28:46.355456 7fe494dee700                  Options.compression_opts.enabled: false
2020/09/04-23:28:46.355457 7fe494dee700      Options.level0_file_num_compaction_trigger: 2
2020/09/04-23:28:46.355469 7fe494dee700          Options.level0_slowdown_writes_trigger: 20
2020/09/04-23:28:46.355476 7fe494dee700              Options.level0_stop_writes_trigger: 36
2020/09/04-23:28:46.355477 7fe494dee700                   Options.target_file_size_base: 67108864
2020/09/04-23:28:46.355478 7fe494dee700             Options.target_file_size_multiplier: 1
2020/09/04-23:28:46.355479 7fe494dee700                Options.max_bytes_for_level_base: 134217728
2020/09/04-23:28:46.355480 7fe494dee700 Options.level_compaction_dynamic_level_bytes: 1
2020/09/04-23:28:46.355481 7fe494dee700          Options.max_bytes_for_level_multiplier: 10.000000
2020/09/04-23:28:46.355484 7fe494dee700 Options.max_bytes_for_level_multiplier_addtl[0]: 1
2020/09/04-23:28:46.355485 7fe494dee700 Options.max_bytes_for_level_multiplier_addtl[1]: 1
2020/09/04-23:28:46.355486 7fe494dee700 Options.max_bytes_for_level_multiplier_addtl[2]: 1
2020/09/04-23:28:46.355487 7fe494dee700 Options.max_bytes_for_level_multiplier_addtl[3]: 1
2020/09/04-23:28:46.355488 7fe494dee700 Options.max_bytes_for_level_multiplier_addtl[4]: 1
2020/09/04-23:28:46.355489 7fe494dee700 Options.max_bytes_for_level_multiplier_addtl[5]: 1
2020/09/04-23:28:46.355490 7fe494dee700 Options.max_bytes_for_level_multiplier_addtl[6]: 1
2020/09/04-23:28:46.355491 7fe494dee700       Options.max_sequential_skip_in_iterations: 8
2020/09/04-23:28:46.355492 7fe494dee700                    Options.max_compaction_bytes: 1677721600
2020/09/04-23:28:46.355493 7fe494dee700                        Options.arena_block_size: 4194304
2020/09/04-23:28:46.355494 7fe494dee700   Options.soft_pending_compaction_bytes_limit: 68719476736
2020/09/04-23:28:46.355495 7fe494dee700   Options.hard_pending_compaction_bytes_limit: 274877906944
2020/09/04-23:28:46.355496 7fe494dee700       Options.rate_limit_delay_max_milliseconds: 100
2020/09/04-23:28:46.355497 7fe494dee700                Options.disable_auto_compactions: 0
2020/09/04-23:28:46.355499 7fe494dee700                        Options.compaction_style: kCompactionStyleLevel
2020/09/04-23:28:46.355500 7fe494dee700                          Options.compaction_pri: kMinOverlappingRatio
2020/09/04-23:28:46.355501 7fe494dee700 Options.compaction_options_universal.size_ratio: 1
2020/09/04-23:28:46.355502 7fe494dee700 Options.compaction_options_universal.min_merge_width: 2
2020/09/04-23:28:46.355503 7fe494dee700 Options.compaction_options_universal.max_merge_width: 4294967295
2020/09/04-23:28:46.355504 7fe494dee700 Options.compaction_options_universal.max_size_amplification_percent: 200
2020/09/04-23:28:46.355506 7fe494dee700 Options.compaction_options_universal.compression_size_percent: -1
2020/09/04-23:28:46.355507 7fe494dee700 Options.compaction_options_universal.stop_style: kCompactionStopStyleTotalSize
2020/09/04-23:28:46.355508 7fe494dee700 Options.compaction_options_fifo.max_table_files_size: 1073741824
2020/09/04-23:28:46.355509 7fe494dee700 Options.compaction_options_fifo.allow_compaction: 0
2020/09/04-23:28:46.355510 7fe494dee700                   Options.table_properties_collectors: 
2020/09/04-23:28:46.355511 7fe494dee700                   Options.inplace_update_support: 0
2020/09/04-23:28:46.355512 7fe494dee700                 Options.inplace_update_num_locks: 10000
2020/09/04-23:28:46.355513 7fe494dee700               Options.memtable_prefix_bloom_size_ratio: 0.000000
2020/09/04-23:28:46.355514 7fe494dee700               Options.memtable_whole_key_filtering: 0
2020/09/04-23:28:46.355515 7fe494dee700   Options.memtable_huge_page_size: 0
2020/09/04-23:28:46.355516 7fe494dee700                           Options.bloom_locality: 0
2020/09/04-23:28:46.355517 7fe494dee700                    Options.max_successive_merges: 0
2020/09/04-23:28:46.355518 7fe494dee700                Options.optimize_filters_for_hits: 0
2020/09/04-23:28:46.355519 7fe494dee700                Options.paranoid_file_checks: 0
2020/09/04-23:28:46.355520 7fe494dee700                Options.force_consistency_checks: 0
2020/09/04-23:28:46.355521 7fe494dee700                Options.report_bg_io_stats: 0
2020/09/04-23:28:46.355533 7fe494dee700                               Options.ttl: 2592000
2020/09/04-23:28:46.355535 7fe494dee700          Options.periodic_compaction_seconds: 0
2020/09/04-23:28:46.394833 7fe494dee700 [version_set.cc:3287] More existing levels in DB than needed. max_bytes_for_level_multiplier may not be guaranteed.
2020/09/04-23:28:46.394846 7fe494dee700 [version_set.cc:4554] Recovered from manifest file:db.ss2/secretstore/db/MANIFEST-000034 succeeded,manifest_file_number is 34, next_file_number is 39, last_sequence is 2, log_number is 33,prev_log_number is 0,max_column_family is 1,min_log_number_to_keep is 0
2020/09/04-23:28:46.394850 7fe494dee700 [version_set.cc:4563] Column family [default] (ID 0), log number is 33
2020/09/04-23:28:46.394851 7fe494dee700 [version_set.cc:4563] Column family [col0] (ID 1), log number is 33
2020/09/04-23:28:46.395695 7fe494dee700 EVENT_LOG_v1 {"time_micros": 1599262126395691, "job": 1, "event": "recovery_started", "log_files": [35]}
2020/09/04-23:28:46.395704 7fe494dee700 [db_impl/db_impl_open.cc:749] Recovering log #35 mode 2
2020/09/04-23:28:47.973329 7fe494dee700 EVENT_LOG_v1 {"time_micros": 1599262127973298, "cf_name": "col0", "job": 1, "event": "table_file_creation", "file_number": 39, "file_size": 2244, "table_properties": {"data_size": 1363, "index_size": 59, "index_partitions": 0, "top_level_index_size": 0, "index_key_is_user_key": 0, "index_value_is_delta_encoded": 0, "filter_size": 18, "raw_key_size": 40, "raw_average_key_size": 40, "raw_value_size": 1306, "raw_average_value_size": 1306, "num_data_blocks": 1, "num_entries": 1, "num_deletions": 0, "num_merge_operands": 0, "num_range_deletions": 0, "format_version": 0, "fixed_key_len": 0, "filter_policy": "rocksdb.BuiltinBloomFilter", "column_family_name": "col0", "column_family_id": 1, "comparator": "leveldb.BytewiseComparator", "merge_operator": "nullptr", "prefix_extractor_name": "nullptr", "property_collectors": "[]", "compression": "Snappy", "compression_options": "window_bits=-14; level=32767; strategy=0; max_dict_bytes=0; zstd_max_train_bytes=0; enabled=0; ", "creation_time": 1599262126, "oldest_key_time": 3, "file_creation_time": 0}}
2020/09/04-23:28:47.973432 7fe494dee700 [version_set.cc:3815] Creating manifest 40
2020/09/04-23:28:47.973588 7fe494dee700 [version_set.cc:3287] More existing levels in DB than needed. max_bytes_for_level_multiplier may not be guaranteed.
2020/09/04-23:28:53.023228 7fe494dee700 EVENT_LOG_v1 {"time_micros": 1599262133023224, "job": 1, "event": "recovery_finished"}
2020/09/04-23:28:53.023778 7fe494dee700 [db_impl/db_impl_files.cc:533] [JOB 2] Delete info log file db.ss2/secretstore/db//LOG.old.1599262126353842
2020/09/04-23:28:56.942944 7fe494dee700 DB pointer 0x5571b653b210
2020/09/04-23:28:56.945071 7fe44affd700 [db_impl/db_impl.cc:850] ------- DUMPING STATS -------
2020/09/04-23:28:56.945117 7fe44affd700 [db_impl/db_impl.cc:851] 
** DB Stats **
Uptime(secs): 10.6 total, 10.6 interval
Cumulative writes: 0 writes, 0 keys, 0 commit groups, 0.0 writes per commit group, ingest: 0.00 GB, 0.00 MB/s
Cumulative WAL: 0 writes, 0 syncs, 0.00 writes per sync, written: 0.00 GB, 0.00 MB/s
Cumulative stall: 00:00:0.000 H:M:S, 0.0 percent
Interval writes: 0 writes, 0 keys, 0 commit groups, 0.0 writes per commit group, ingest: 0.00 MB, 0.00 MB/s
Interval WAL: 0 writes, 0 syncs, 0.00 writes per sync, written: 0.00 MB, 0.00 MB/s
Interval stall: 00:00:0.000 H:M:S, 0.0 percent

** Compaction Stats [default] **
Level    Files   Size     Score Read(GB)  Rn(GB) Rnp1(GB) Write(GB) Wnew(GB) Moved(GB) W-Amp Rd(MB/s) Wr(MB/s) Comp(sec) CompMergeCPU(sec) Comp(cnt) Avg(sec) KeyIn KeyDrop
----------------------------------------------------------------------------------------------------------------------------------------------------------------------------
 Sum      0/0    0.00 KB   0.0      0.0     0.0      0.0       0.0      0.0       0.0   0.0      0.0      0.0      0.00              0.00         0    0.000       0      0
 Int      0/0    0.00 KB   0.0      0.0     0.0      0.0       0.0      0.0       0.0   0.0      0.0      0.0      0.00              0.00         0    0.000       0      0

** Compaction Stats [default] **
Priority    Files   Size     Score Read(GB)  Rn(GB) Rnp1(GB) Write(GB) Wnew(GB) Moved(GB) W-Amp Rd(MB/s) Wr(MB/s) Comp(sec) CompMergeCPU(sec) Comp(cnt) Avg(sec) KeyIn KeyDrop
-------------------------------------------------------------------------------------------------------------------------------------------------------------------------------
Uptime(secs): 10.6 total, 10.6 interval
Flush(GB): cumulative 0.000, interval 0.000
AddFile(GB): cumulative 0.000, interval 0.000
AddFile(Total Files): cumulative 0, interval 0
AddFile(L0 Files): cumulative 0, interval 0
AddFile(Keys): cumulative 0, interval 0
Cumulative compaction: 0.00 GB write, 0.00 MB/s write, 0.00 GB read, 0.00 MB/s read, 0.0 seconds
Interval compaction: 0.00 GB write, 0.00 MB/s write, 0.00 GB read, 0.00 MB/s read, 0.0 seconds
Stalls(count): 0 level0_slowdown, 0 level0_slowdown_with_compaction, 0 level0_numfiles, 0 level0_numfiles_with_compaction, 0 stop for pending_compaction_bytes, 0 slowdown for pending_compaction_bytes, 0 memtable_compaction, 0 memtable_slowdown, interval 0 total count

** File Read Latency Histogram By Level [default] **

** Compaction Stats [col0] **
Level    Files   Size     Score Read(GB)  Rn(GB) Rnp1(GB) Write(GB) Wnew(GB) Moved(GB) W-Amp Rd(MB/s) Wr(MB/s) Comp(sec) CompMergeCPU(sec) Comp(cnt) Avg(sec) KeyIn KeyDrop
----------------------------------------------------------------------------------------------------------------------------------------------------------------------------
  L0      1/0    2.19 KB   0.5      0.0     0.0      0.0       0.0      0.0       0.0   1.0      0.0      0.0      1.57              0.00         1    1.568       0      0
  L6      2/0    4.13 KB   0.0      0.0     0.0      0.0       0.0      0.0       0.0   0.0      0.0      0.0      0.00              0.00         0    0.000       0      0
 Sum      3/0    6.32 KB   0.0      0.0     0.0      0.0       0.0      0.0       0.0   1.0      0.0      0.0      1.57              0.00         1    1.568       0      0
 Int      0/0    0.00 KB   0.0      0.0     0.0      0.0       0.0      0.0       0.0   1.0      0.0      0.0      1.57              0.00         1    1.568       0      0

** Compaction Stats [col0] **
Priority    Files   Size     Score Read(GB)  Rn(GB) Rnp1(GB) Write(GB) Wnew(GB) Moved(GB) W-Amp Rd(MB/s) Wr(MB/s) Comp(sec) CompMergeCPU(sec) Comp(cnt) Avg(sec) KeyIn KeyDrop
-------------------------------------------------------------------------------------------------------------------------------------------------------------------------------
User      0/0    0.00 KB   0.0      0.0     0.0      0.0       0.0      0.0       0.0   0.0      0.0      0.0      1.57              0.00         1    1.568       0      0
Uptime(secs): 10.6 total, 10.6 interval
Flush(GB): cumulative 0.000, interval 0.000
AddFile(GB): cumulative 0.000, interval 0.000
AddFile(Total Files): cumulative 0, interval 0
AddFile(L0 Files): cumulative 0, interval 0
AddFile(Keys): cumulative 0, interval 0
Cumulative compaction: 0.00 GB write, 0.00 MB/s write, 0.00 GB read, 0.00 MB/s read, 1.6 seconds
Interval compaction: 0.00 GB write, 0.00 MB/s write, 0.00 GB read, 0.00 MB/s read, 1.6 seconds
Stalls(count): 0 level0_slowdown, 0 level0_slowdown_with_compaction, 0 level0_numfiles, 0 level0_numfiles_with_compaction, 0 stop for pending_compaction_bytes, 0 slowdown for pending_compaction_bytes, 0 memtable_compaction, 0 memtable_slowdown, interval 0 total count

** File Read Latency Histogram By Level [col0] **

** Compaction Stats [default] **
Level    Files   Size     Score Read(GB)  Rn(GB) Rnp1(GB) Write(GB) Wnew(GB) Moved(GB) W-Amp Rd(MB/s) Wr(MB/s) Comp(sec) CompMergeCPU(sec) Comp(cnt) Avg(sec) KeyIn KeyDrop
----------------------------------------------------------------------------------------------------------------------------------------------------------------------------
 Sum      0/0    0.00 KB   0.0      0.0     0.0      0.0       0.0      0.0       0.0   0.0      0.0      0.0      0.00              0.00         0    0.000       0      0
 Int      0/0    0.00 KB   0.0      0.0     0.0      0.0       0.0      0.0       0.0   0.0      0.0      0.0      0.00              0.00         0    0.000       0      0

** Compaction Stats [default] **
Priority    Files   Size     Score Read(GB)  Rn(GB) Rnp1(GB) Write(GB) Wnew(GB) Moved(GB) W-Amp Rd(MB/s) Wr(MB/s) Comp(sec) CompMergeCPU(sec) Comp(cnt) Avg(sec) KeyIn KeyDrop
-------------------------------------------------------------------------------------------------------------------------------------------------------------------------------
Uptime(secs): 10.6 total, 0.0 interval
Flush(GB): cumulative 0.000, interval 0.000
AddFile(GB): cumulative 0.000, interval 0.000
AddFile(Total Files): cumulative 0, interval 0
AddFile(L0 Files): cumulative 0, interval 0
AddFile(Keys): cumulative 0, interval 0
Cumulative compaction: 0.00 GB write, 0.00 MB/s write, 0.00 GB read, 0.00 MB/s read, 0.0 seconds
Interval compaction: 0.00 GB write, 0.00 MB/s write, 0.00 GB read, 0.00 MB/s read, 0.0 seconds
Stalls(count): 0 level0_slowdown, 0 level0_slowdown_with_compaction, 0 level0_numfiles, 0 level0_numfiles_with_compaction, 0 stop for pending_compaction_bytes, 0 slowdown for pending_compaction_bytes, 0 memtable_compaction, 0 memtable_slowdown, interval 0 total count

** File Read Latency Histogram By Level [default] **

** Compaction Stats [col0] **
Level    Files   Size     Score Read(GB)  Rn(GB) Rnp1(GB) Write(GB) Wnew(GB) Moved(GB) W-Amp Rd(MB/s) Wr(MB/s) Comp(sec) CompMergeCPU(sec) Comp(cnt) Avg(sec) KeyIn KeyDrop
----------------------------------------------------------------------------------------------------------------------------------------------------------------------------
  L0      1/0    2.19 KB   0.5      0.0     0.0      0.0       0.0      0.0       0.0   1.0      0.0      0.0      1.57              0.00         1    1.568       0      0
  L6      2/0    4.13 KB   0.0      0.0     0.0      0.0       0.0      0.0       0.0   0.0      0.0      0.0      0.00              0.00         0    0.000       0      0
 Sum      3/0    6.32 KB   0.0      0.0     0.0      0.0       0.0      0.0       0.0   1.0      0.0      0.0      1.57              0.00         1    1.568       0      0
 Int      0/0    0.00 KB   0.0      0.0     0.0      0.0       0.0      0.0       0.0   0.0      0.0      0.0      0.00              0.00         0    0.000       0      0

** Compaction Stats [col0] **
Priority    Files   Size     Score Read(GB)  Rn(GB) Rnp1(GB) Write(GB) Wnew(GB) Moved(GB) W-Amp Rd(MB/s) Wr(MB/s) Comp(sec) CompMergeCPU(sec) Comp(cnt) Avg(sec) KeyIn KeyDrop
-------------------------------------------------------------------------------------------------------------------------------------------------------------------------------
User      0/0    0.00 KB   0.0      0.0     0.0      0.0       0.0      0.0       0.0   0.0      0.0      0.0      1.57              0.00         1    1.568       0      0
Uptime(secs): 10.6 total, 0.0 interval
Flush(GB): cumulative 0.000, interval 0.000
AddFile(GB): cumulative 0.000, interval 0.000
AddFile(Total Files): cumulative 0, interval 0
AddFile(L0 Files): cumulative 0, interval 0
AddFile(Keys): cumulative 0, interval 0
Cumulative compaction: 0.00 GB write, 0.00 MB/s write, 0.00 GB read, 0.00 MB/s read, 1.6 seconds
Interval compaction: 0.00 GB write, 0.00 MB/s write, 0.00 GB read, 0.00 MB/s read, 0.0 seconds
Stalls(count): 0 level0_slowdown, 0 level0_slowdown_with_compaction, 0 level0_numfiles, 0 level0_numfiles_with_compaction, 0 stop for pending_compaction_bytes, 0 slowdown for pending_compaction_bytes, 0 memtable_compaction, 0 memtable_slowdown, interval 0 total count

** File Read Latency Histogram By Level [col0] **
2020/09/04-23:38:56.945385 7fe44affd700 [db_impl/db_impl.cc:850] ------- DUMPING STATS -------
2020/09/04-23:38:56.945445 7fe44affd700 [db_impl/db_impl.cc:851] 
** DB Stats **
Uptime(secs): 610.6 total, 600.0 interval
Cumulative writes: 0 writes, 0 keys, 0 commit groups, 0.0 writes per commit group, ingest: 0.00 GB, 0.00 MB/s
Cumulative WAL: 0 writes, 0 syncs, 0.00 writes per sync, written: 0.00 GB, 0.00 MB/s
Cumulative stall: 00:00:0.000 H:M:S, 0.0 percent
Interval writes: 0 writes, 0 keys, 0 commit groups, 0.0 writes per commit group, ingest: 0.00 MB, 0.00 MB/s
Interval WAL: 0 writes, 0 syncs, 0.00 writes per sync, written: 0.00 MB, 0.00 MB/s
Interval stall: 00:00:0.000 H:M:S, 0.0 percent

** Compaction Stats [default] **
Level    Files   Size     Score Read(GB)  Rn(GB) Rnp1(GB) Write(GB) Wnew(GB) Moved(GB) W-Amp Rd(MB/s) Wr(MB/s) Comp(sec) CompMergeCPU(sec) Comp(cnt) Avg(sec) KeyIn KeyDrop
----------------------------------------------------------------------------------------------------------------------------------------------------------------------------
 Sum      0/0    0.00 KB   0.0      0.0     0.0      0.0       0.0      0.0       0.0   0.0      0.0      0.0      0.00              0.00         0    0.000       0      0
 Int      0/0    0.00 KB   0.0      0.0     0.0      0.0       0.0      0.0       0.0   0.0      0.0      0.0      0.00              0.00         0    0.000       0      0

** Compaction Stats [default] **
Priority    Files   Size     Score Read(GB)  Rn(GB) Rnp1(GB) Write(GB) Wnew(GB) Moved(GB) W-Amp Rd(MB/s) Wr(MB/s) Comp(sec) CompMergeCPU(sec) Comp(cnt) Avg(sec) KeyIn KeyDrop
-------------------------------------------------------------------------------------------------------------------------------------------------------------------------------
Uptime(secs): 610.6 total, 600.0 interval
Flush(GB): cumulative 0.000, interval 0.000
AddFile(GB): cumulative 0.000, interval 0.000
AddFile(Total Files): cumulative 0, interval 0
AddFile(L0 Files): cumulative 0, interval 0
AddFile(Keys): cumulative 0, interval 0
Cumulative compaction: 0.00 GB write, 0.00 MB/s write, 0.00 GB read, 0.00 MB/s read, 0.0 seconds
Interval compaction: 0.00 GB write, 0.00 MB/s write, 0.00 GB read, 0.00 MB/s read, 0.0 seconds
Stalls(count): 0 level0_slowdown, 0 level0_slowdown_with_compaction, 0 level0_numfiles, 0 level0_numfiles_with_compaction, 0 stop for pending_compaction_bytes, 0 slowdown for pending_compaction_bytes, 0 memtable_compaction, 0 memtable_slowdown, interval 0 total count

** File Read Latency Histogram By Level [default] **

** Compaction Stats [col0] **
Level    Files   Size     Score Read(GB)  Rn(GB) Rnp1(GB) Write(GB) Wnew(GB) Moved(GB) W-Amp Rd(MB/s) Wr(MB/s) Comp(sec) CompMergeCPU(sec) Comp(cnt) Avg(sec) KeyIn KeyDrop
----------------------------------------------------------------------------------------------------------------------------------------------------------------------------
  L0      1/0    2.19 KB   0.5      0.0     0.0      0.0       0.0      0.0       0.0   1.0      0.0      0.0      1.57              0.00         1    1.568       0      0
