2020/09/04-23:28:36.253376 7f55bcceb700 RocksDB version: 6.7.3
2020/09/04-23:28:36.253401 7f55bcceb700 Git sha rocksdb_build_git_sha:@0915c99f01b46f50af8e02da8b6528156f584b7c@
2020/09/04-23:28:36.253404 7f55bcceb700 Compile date Aug 20 2020
2020/09/04-23:28:36.253406 7f55bcceb700 DB SUMMARY
2020/09/04-23:28:36.253451 7f55bcceb700 CURRENT file:  CURRENT
2020/09/04-23:28:36.253454 7f55bcceb700 IDENTITY file:  IDENTITY
2020/09/04-23:28:36.253461 7f55bcceb700 MANIFEST file:  MANIFEST-000087 size: 1658 Bytes
2020/09/04-23:28:36.253477 7f55bcceb700 SST files in db.ss1/chains/DevelopmentChain/db/1484bce8c021f2ca/overlayrecent/db dir, Total Num: 6, files: 000026.sst 000027.sst 000028.sst 000029.sst 000091.sst 000092.sst 
2020/09/04-23:28:36.253479 7f55bcceb700 Write Ahead Log file in db.ss1/chains/DevelopmentChain/db/1484bce8c021f2ca/overlayrecent/db: 000088.log size: 173 ; 
2020/09/04-23:28:36.253481 7f55bcceb700                         Options.error_if_exists: 0
2020/09/04-23:28:36.253483 7f55bcceb700                       Options.create_if_missing: 1
2020/09/04-23:28:36.253484 7f55bcceb700                         Options.paranoid_checks: 1
2020/09/04-23:28:36.253485 7f55bcceb700                                     Options.env: 0x561ffb6f6ea0
2020/09/04-23:28:36.253486 7f55bcceb700                                      Options.fs: Posix File System
2020/09/04-23:28:36.253487 7f55bcceb700                                Options.info_log: 0x561ffc313240
2020/09/04-23:28:36.253488 7f55bcceb700                Options.max_file_opening_threads: 16
2020/09/04-23:28:36.253490 7f55bcceb700                              Options.statistics: (nil)
2020/09/04-23:28:36.253491 7f55bcceb700                               Options.use_fsync: 0
2020/09/04-23:28:36.253492 7f55bcceb700                       Options.max_log_file_size: 0
2020/09/04-23:28:36.253493 7f55bcceb700                  Options.max_manifest_file_size: 1073741824
2020/09/04-23:28:36.253494 7f55bcceb700                   Options.log_file_time_to_roll: 0
2020/09/04-23:28:36.253495 7f55bcceb700                       Options.keep_log_file_num: 1
2020/09/04-23:28:36.253496 7f55bcceb700                    Options.recycle_log_file_num: 0
2020/09/04-23:28:36.253497 7f55bcceb700                         Options.allow_fallocate: 1
2020/09/04-23:28:36.253498 7f55bcceb700                        Options.allow_mmap_reads: 0
2020/09/04-23:28:36.253499 7f55bcceb700                       Options.allow_mmap_writes: 0
2020/09/04-23:28:36.253500 7f55bcceb700                        Options.use_direct_reads: 0
2020/09/04-23:28:36.253501 7f55bcceb700                        Options.use_direct_io_for_flush_and_compaction: 0
2020/09/04-23:28:36.253502 7f55bcceb700          Options.create_missing_column_families: 0
2020/09/04-23:28:36.253503 7f55bcceb700                              Options.db_log_dir: 
2020/09/04-23:28:36.253504 7f55bcceb700                                 Options.wal_dir: db.ss1/chains/DevelopmentChain/db/1484bce8c021f2ca/overlayrecent/db
2020/09/04-23:28:36.253505 7f55bcceb700                Options.table_cache_numshardbits: 6
2020/09/04-23:28:36.253506 7f55bcceb700                      Options.max_subcompactions: 1
2020/09/04-23:28:36.253507 7f55bcceb700                  Options.max_background_flushes: -1
2020/09/04-23:28:36.253508 7f55bcceb700                         Options.WAL_ttl_seconds: 0
2020/09/04-23:28:36.253509 7f55bcceb700                       Options.WAL_size_limit_MB: 0
2020/09/04-23:28:36.253510 7f55bcceb700                        Options.max_write_batch_group_size_bytes: 1048576
2020/09/04-23:28:36.253511 7f55bcceb700             Options.manifest_preallocation_size: 4194304
2020/09/04-23:28:36.253512 7f55bcceb700                     Options.is_fd_close_on_exec: 1
2020/09/04-23:28:36.253513 7f55bcceb700                   Options.advise_random_on_open: 1
2020/09/04-23:28:36.253514 7f55bcceb700                    Options.db_write_buffer_size: 0
2020/09/04-23:28:36.253515 7f55bcceb700                    Options.write_buffer_manager: 0x561ffc3109e0
2020/09/04-23:28:36.253516 7f55bcceb700         Options.access_hint_on_compaction_start: 1
2020/09/04-23:28:36.253517 7f55bcceb700  Options.new_table_reader_for_compaction_inputs: 0
2020/09/04-23:28:36.253530 7f55bcceb700           Options.random_access_max_buffer_size: 1048576
2020/09/04-23:28:36.253532 7f55bcceb700                      Options.use_adaptive_mutex: 0
2020/09/04-23:28:36.253533 7f55bcceb700                            Options.rate_limiter: (nil)
2020/09/04-23:28:36.253534 7f55bcceb700     Options.sst_file_manager.rate_bytes_per_sec: 0
2020/09/04-23:28:36.253535 7f55bcceb700                       Options.wal_recovery_mode: 2
2020/09/04-23:28:36.253536 7f55bcceb700                  Options.enable_thread_tracking: 0
2020/09/04-23:28:36.253537 7f55bcceb700                  Options.enable_pipelined_write: 0
2020/09/04-23:28:36.253538 7f55bcceb700                  Options.unordered_write: 0
2020/09/04-23:28:36.253539 7f55bcceb700         Options.allow_concurrent_memtable_write: 1
2020/09/04-23:28:36.253540 7f55bcceb700      Options.enable_write_thread_adaptive_yield: 1
2020/09/04-23:28:36.253541 7f55bcceb700             Options.write_thread_max_yield_usec: 100
2020/09/04-23:28:36.253542 7f55bcceb700            Options.write_thread_slow_yield_usec: 3
2020/09/04-23:28:36.253543 7f55bcceb700                               Options.row_cache: None
2020/09/04-23:28:36.253544 7f55bcceb700                              Options.wal_filter: None
2020/09/04-23:28:36.253545 7f55bcceb700             Options.avoid_flush_during_recovery: 0
2020/09/04-23:28:36.253546 7f55bcceb700             Options.allow_ingest_behind: 0
2020/09/04-23:28:36.253547 7f55bcceb700             Options.preserve_deletes: 0
2020/09/04-23:28:36.253548 7f55bcceb700             Options.two_write_queues: 0
2020/09/04-23:28:36.253549 7f55bcceb700             Options.manual_wal_flush: 0
2020/09/04-23:28:36.253550 7f55bcceb700             Options.atomic_flush: 0
2020/09/04-23:28:36.253551 7f55bcceb700             Options.avoid_unnecessary_blocking_io: 0
2020/09/04-23:28:36.253552 7f55bcceb700                 Options.persist_stats_to_disk: 0
2020/09/04-23:28:36.253553 7f55bcceb700                 Options.write_dbid_to_manifest: 0
2020/09/04-23:28:36.253554 7f55bcceb700                 Options.log_readahead_size: 0
2020/09/04-23:28:36.253555 7f55bcceb700             Options.max_background_jobs: 1
2020/09/04-23:28:36.253556 7f55bcceb700             Options.max_background_compactions: -1
2020/09/04-23:28:36.253557 7f55bcceb700             Options.avoid_flush_during_shutdown: 0
2020/09/04-23:28:36.253558 7f55bcceb700           Options.writable_file_max_buffer_size: 1048576
2020/09/04-23:28:36.253559 7f55bcceb700             Options.delayed_write_rate : 16777216
2020/09/04-23:28:36.253560 7f55bcceb700             Options.max_total_wal_size: 0
2020/09/04-23:28:36.253561 7f55bcceb700             Options.delete_obsolete_files_period_micros: 21600000000
2020/09/04-23:28:36.253562 7f55bcceb700                   Options.stats_dump_period_sec: 600
2020/09/04-23:28:36.253563 7f55bcceb700                 Options.stats_persist_period_sec: 600
2020/09/04-23:28:36.253564 7f55bcceb700                 Options.stats_history_buffer_size: 1048576
2020/09/04-23:28:36.253565 7f55bcceb700                          Options.max_open_files: 512
2020/09/04-23:28:36.253566 7f55bcceb700                          Options.bytes_per_sync: 1048576
2020/09/04-23:28:36.253567 7f55bcceb700                      Options.wal_bytes_per_sync: 0
2020/09/04-23:28:36.253568 7f55bcceb700                   Options.strict_bytes_per_sync: 0
2020/09/04-23:28:36.253569 7f55bcceb700       Options.compaction_readahead_size: 0
2020/09/04-23:28:36.253570 7f55bcceb700 Compression algorithms supported:
2020/09/04-23:28:36.253572 7f55bcceb700 	kZSTDNotFinalCompression supported: 0
2020/09/04-23:28:36.253573 7f55bcceb700 	kZSTD supported: 0
2020/09/04-23:28:36.253574 7f55bcceb700 	kXpressCompression supported: 0
2020/09/04-23:28:36.253575 7f55bcceb700 	kLZ4HCCompression supported: 0
2020/09/04-23:28:36.253576 7f55bcceb700 	kLZ4Compression supported: 0
2020/09/04-23:28:36.253578 7f55bcceb700 	kBZip2Compression supported: 0
2020/09/04-23:28:36.253584 7f55bcceb700 	kZlibCompression supported: 0
2020/09/04-23:28:36.253585 7f55bcceb700 	kSnappyCompression supported: 1
2020/09/04-23:28:36.253590 7f55bcceb700 Fast CRC32 supported: Supported on x86
2020/09/04-23:28:36.273599 7f55bcceb700 [version_set.cc:4402] Recovering from manifest file: db.ss1/chains/DevelopmentChain/db/1484bce8c021f2ca/overlayrecent/db/MANIFEST-000087
2020/09/04-23:28:36.273734 7f55bcceb700 [column_family.cc:552] --------------- Options for column family [default]:
2020/09/04-23:28:36.273738 7f55bcceb700               Options.comparator: leveldb.BytewiseComparator
2020/09/04-23:28:36.273740 7f55bcceb700           Options.merge_operator: None
2020/09/04-23:28:36.273741 7f55bcceb700        Options.compaction_filter: None
2020/09/04-23:28:36.273742 7f55bcceb700        Options.compaction_filter_factory: None
2020/09/04-23:28:36.273743 7f55bcceb700         Options.memtable_factory: SkipListFactory
2020/09/04-23:28:36.273744 7f55bcceb700            Options.table_factory: BlockBasedTable
2020/09/04-23:28:36.273798 7f55bcceb700            table_factory options:   flush_block_policy_factory: FlushBlockBySizePolicyFactory (0x561ffc312470)
  cache_index_and_filter_blocks: 0
  cache_index_and_filter_blocks_with_high_priority: 1
  pin_l0_filter_and_index_blocks_in_cache: 0
  pin_top_level_index_and_filter: 1
  index_type: 0
  data_block_index_type: 0
  index_shortening: 1
  data_block_hash_table_util_ratio: 0.750000
  hash_index_allow_collision: 1
  checksum: 1
  no_block_cache: 0
  block_cache: 0x561ffc30dd00
  block_cache_name: LRUCache
  block_cache_options:
    capacity : 8388608
    num_shard_bits : 4
    strict_capacity_limit : 0
    memory_allocator : None
    high_pri_pool_ratio: 0.000
  block_cache_compressed: (nil)
  persistent_cache: (nil)
  block_size: 4096
  block_size_deviation: 10
  block_restart_interval: 16
  index_block_restart_interval: 1
  metadata_block_size: 4096
  partition_filters: 0
  use_delta_encoding: 1
  filter_policy: nullptr
  whole_key_filtering: 1
  verify_compression: 0
  read_amp_bytes_per_bit: 0
  format_version: 2
  enable_index_compression: 1
  block_align: 0
2020/09/04-23:28:36.273811 7f55bcceb700        Options.write_buffer_size: 67108864
2020/09/04-23:28:36.273812 7f55bcceb700  Options.max_write_buffer_number: 2
2020/09/04-23:28:36.273814 7f55bcceb700          Options.compression: Snappy
2020/09/04-23:28:36.273815 7f55bcceb700                  Options.bottommost_compression: Disabled
2020/09/04-23:28:36.273816 7f55bcceb700       Options.prefix_extractor: nullptr
2020/09/04-23:28:36.273817 7f55bcceb700   Options.memtable_insert_with_hint_prefix_extractor: nullptr
2020/09/04-23:28:36.273818 7f55bcceb700             Options.num_levels: 7
2020/09/04-23:28:36.273819 7f55bcceb700        Options.min_write_buffer_number_to_merge: 1
2020/09/04-23:28:36.273820 7f55bcceb700     Options.max_write_buffer_number_to_maintain: 0
2020/09/04-23:28:36.273821 7f55bcceb700     Options.max_write_buffer_size_to_maintain: 0
2020/09/04-23:28:36.273823 7f55bcceb700            Options.bottommost_compression_opts.window_bits: -14
2020/09/04-23:28:36.273824 7f55bcceb700                  Options.bottommost_compression_opts.level: 32767
2020/09/04-23:28:36.273825 7f55bcceb700               Options.bottommost_compression_opts.strategy: 0
2020/09/04-23:28:36.273826 7f55bcceb700         Options.bottommost_compression_opts.max_dict_bytes: 0
2020/09/04-23:28:36.273827 7f55bcceb700         Options.bottommost_compression_opts.zstd_max_train_bytes: 0
2020/09/04-23:28:36.273828 7f55bcceb700                  Options.bottommost_compression_opts.enabled: false
2020/09/04-23:28:36.273829 7f55bcceb700            Options.compression_opts.window_bits: -14
2020/09/04-23:28:36.273830 7f55bcceb700                  Options.compression_opts.level: 32767
2020/09/04-23:28:36.273831 7f55bcceb700               Options.compression_opts.strategy: 0
2020/09/04-23:28:36.273832 7f55bcceb700         Options.compression_opts.max_dict_bytes: 0
2020/09/04-23:28:36.273833 7f55bcceb700         Options.compression_opts.zstd_max_train_bytes: 0
2020/09/04-23:28:36.273851 7f55bcceb700                  Options.compression_opts.enabled: false
2020/09/04-23:28:36.273853 7f55bcceb700      Options.level0_file_num_compaction_trigger: 4
2020/09/04-23:28:36.273854 7f55bcceb700          Options.level0_slowdown_writes_trigger: 20
2020/09/04-23:28:36.273855 7f55bcceb700              Options.level0_stop_writes_trigger: 36
2020/09/04-23:28:36.273856 7f55bcceb700                   Options.target_file_size_base: 67108864
2020/09/04-23:28:36.273857 7f55bcceb700             Options.target_file_size_multiplier: 1
2020/09/04-23:28:36.273858 7f55bcceb700                Options.max_bytes_for_level_base: 268435456
2020/09/04-23:28:36.273859 7f55bcceb700 Options.level_compaction_dynamic_level_bytes: 0
2020/09/04-23:28:36.273860 7f55bcceb700          Options.max_bytes_for_level_multiplier: 10.000000
2020/09/04-23:28:36.273862 7f55bcceb700 Options.max_bytes_for_level_multiplier_addtl[0]: 1
2020/09/04-23:28:36.273864 7f55bcceb700 Options.max_bytes_for_level_multiplier_addtl[1]: 1
2020/09/04-23:28:36.273865 7f55bcceb700 Options.max_bytes_for_level_multiplier_addtl[2]: 1
2020/09/04-23:28:36.273866 7f55bcceb700 Options.max_bytes_for_level_multiplier_addtl[3]: 1
2020/09/04-23:28:36.273867 7f55bcceb700 Options.max_bytes_for_level_multiplier_addtl[4]: 1
2020/09/04-23:28:36.273868 7f55bcceb700 Options.max_bytes_for_level_multiplier_addtl[5]: 1
2020/09/04-23:28:36.273869 7f55bcceb700 Options.max_bytes_for_level_multiplier_addtl[6]: 1
2020/09/04-23:28:36.273870 7f55bcceb700       Options.max_sequential_skip_in_iterations: 8
2020/09/04-23:28:36.273871 7f55bcceb700                    Options.max_compaction_bytes: 1677721600
2020/09/04-23:28:36.273872 7f55bcceb700                        Options.arena_block_size: 8388608
2020/09/04-23:28:36.273873 7f55bcceb700   Options.soft_pending_compaction_bytes_limit: 68719476736
2020/09/04-23:28:36.273874 7f55bcceb700   Options.hard_pending_compaction_bytes_limit: 274877906944
2020/09/04-23:28:36.273875 7f55bcceb700       Options.rate_limit_delay_max_milliseconds: 100
2020/09/04-23:28:36.273876 7f55bcceb700                Options.disable_auto_compactions: 0
2020/09/04-23:28:36.273878 7f55bcceb700                        Options.compaction_style: kCompactionStyleLevel
2020/09/04-23:28:36.273879 7f55bcceb700                          Options.compaction_pri: kMinOverlappingRatio
2020/09/04-23:28:36.273880 7f55bcceb700 Options.compaction_options_universal.size_ratio: 1
2020/09/04-23:28:36.273881 7f55bcceb700 Options.compaction_options_universal.min_merge_width: 2
2020/09/04-23:28:36.273883 7f55bcceb700 Options.compaction_options_universal.max_merge_width: 4294967295
2020/09/04-23:28:36.273884 7f55bcceb700 Options.compaction_options_universal.max_size_amplification_percent: 200
2020/09/04-23:28:36.273885 7f55bcceb700 Options.compaction_options_universal.compression_size_percent: -1
2020/09/04-23:28:36.273886 7f55bcceb700 Options.compaction_options_universal.stop_style: kCompactionStopStyleTotalSize
2020/09/04-23:28:36.273887 7f55bcceb700 Options.compaction_options_fifo.max_table_files_size: 1073741824
2020/09/04-23:28:36.273889 7f55bcceb700 Options.compaction_options_fifo.allow_compaction: 0
2020/09/04-23:28:36.273890 7f55bcceb700                   Options.table_properties_collectors: 
2020/09/04-23:28:36.273891 7f55bcceb700                   Options.inplace_update_support: 0
2020/09/04-23:28:36.273892 7f55bcceb700                 Options.inplace_update_num_locks: 10000
2020/09/04-23:28:36.273893 7f55bcceb700               Options.memtable_prefix_bloom_size_ratio: 0.000000
2020/09/04-23:28:36.273894 7f55bcceb700               Options.memtable_whole_key_filtering: 0
2020/09/04-23:28:36.273895 7f55bcceb700   Options.memtable_huge_page_size: 0
2020/09/04-23:28:36.273896 7f55bcceb700                           Options.bloom_locality: 0
2020/09/04-23:28:36.273897 7f55bcceb700                    Options.max_successive_merges: 0
2020/09/04-23:28:36.273898 7f55bcceb700                Options.optimize_filters_for_hits: 0
2020/09/04-23:28:36.273899 7f55bcceb700                Options.paranoid_file_checks: 0
2020/09/04-23:28:36.273905 7f55bcceb700                Options.force_consistency_checks: 0
2020/09/04-23:28:36.273907 7f55bcceb700                Options.report_bg_io_stats: 0
2020/09/04-23:28:36.273908 7f55bcceb700                               Options.ttl: 2592000
2020/09/04-23:28:36.273909 7f55bcceb700          Options.periodic_compaction_seconds: 0
2020/09/04-23:28:36.274173 7f55bcceb700 [column_family.cc:552] --------------- Options for column family [col0]:
2020/09/04-23:28:36.274177 7f55bcceb700               Options.comparator: leveldb.BytewiseComparator
2020/09/04-23:28:36.274178 7f55bcceb700           Options.merge_operator: None
2020/09/04-23:28:36.274179 7f55bcceb700        Options.compaction_filter: None
2020/09/04-23:28:36.274180 7f55bcceb700        Options.compaction_filter_factory: None
2020/09/04-23:28:36.274181 7f55bcceb700         Options.memtable_factory: SkipListFactory
2020/09/04-23:28:36.274182 7f55bcceb700            Options.table_factory: BlockBasedTable
2020/09/04-23:28:36.274205 7f55bcceb700            table_factory options:   flush_block_policy_factory: FlushBlockBySizePolicyFactory (0x561ffc30e900)
  cache_index_and_filter_blocks: 1
  cache_index_and_filter_blocks_with_high_priority: 1
  pin_l0_filter_and_index_blocks_in_cache: 1
  pin_top_level_index_and_filter: 1
  index_type: 0
  data_block_index_type: 0
  index_shortening: 1
  data_block_hash_table_util_ratio: 0.750000
  hash_index_allow_collision: 1
  checksum: 1
  no_block_cache: 0
  block_cache: 0x561ffc305fb0
  block_cache_name: LRUCache
  block_cache_options:
    capacity : 134217728
    num_shard_bits : 6
    strict_capacity_limit : 0
    memory_allocator : None
    high_pri_pool_ratio: 0.500
  block_cache_compressed: (nil)
  persistent_cache: (nil)
  block_size: 65536
  block_size_deviation: 10
  block_restart_interval: 16
  index_block_restart_interval: 1
  metadata_block_size: 4096
  partition_filters: 0
  use_delta_encoding: 1
  filter_policy: rocksdb.BuiltinBloomFilter
  whole_key_filtering: 1
  verify_compression: 0
  read_amp_bytes_per_bit: 0
  format_version: 2
  enable_index_compression: 1
  block_align: 0
2020/09/04-23:28:36.274213 7f55bcceb700        Options.write_buffer_size: 67108864
2020/09/04-23:28:36.274214 7f55bcceb700  Options.max_write_buffer_number: 6
2020/09/04-23:28:36.274215 7f55bcceb700          Options.compression: Snappy
2020/09/04-23:28:36.274216 7f55bcceb700                  Options.bottommost_compression: Disabled
2020/09/04-23:28:36.274217 7f55bcceb700       Options.prefix_extractor: nullptr
2020/09/04-23:28:36.274218 7f55bcceb700   Options.memtable_insert_with_hint_prefix_extractor: nullptr
2020/09/04-23:28:36.274219 7f55bcceb700             Options.num_levels: 7
2020/09/04-23:28:36.274220 7f55bcceb700        Options.min_write_buffer_number_to_merge: 2
2020/09/04-23:28:36.274221 7f55bcceb700     Options.max_write_buffer_number_to_maintain: 0
2020/09/04-23:28:36.274222 7f55bcceb700     Options.max_write_buffer_size_to_maintain: 0
2020/09/04-23:28:36.274223 7f55bcceb700            Options.bottommost_compression_opts.window_bits: -14
2020/09/04-23:28:36.274224 7f55bcceb700                  Options.bottommost_compression_opts.level: 32767
2020/09/04-23:28:36.274225 7f55bcceb700               Options.bottommost_compression_opts.strategy: 0
2020/09/04-23:28:36.274226 7f55bcceb700         Options.bottommost_compression_opts.max_dict_bytes: 0
2020/09/04-23:28:36.274227 7f55bcceb700         Options.bottommost_compression_opts.zstd_max_train_bytes: 0
2020/09/04-23:28:36.274228 7f55bcceb700                  Options.bottommost_compression_opts.enabled: false
2020/09/04-23:28:36.274229 7f55bcceb700            Options.compression_opts.window_bits: -14
2020/09/04-23:28:36.274230 7f55bcceb700                  Options.compression_opts.level: 32767
2020/09/04-23:28:36.274231 7f55bcceb700               Options.compression_opts.strategy: 0
2020/09/04-23:28:36.274232 7f55bcceb700         Options.compression_opts.max_dict_bytes: 0
2020/09/04-23:28:36.274233 7f55bcceb700         Options.compression_opts.zstd_max_train_bytes: 0
2020/09/04-23:28:36.274243 7f55bcceb700                  Options.compression_opts.enabled: false
2020/09/04-23:28:36.274245 7f55bcceb700      Options.level0_file_num_compaction_trigger: 2
2020/09/04-23:28:36.274246 7f55bcceb700          Options.level0_slowdown_writes_trigger: 20
2020/09/04-23:28:36.274247 7f55bcceb700              Options.level0_stop_writes_trigger: 36
2020/09/04-23:28:36.274248 7f55bcceb700                   Options.target_file_size_base: 268435456
2020/09/04-23:28:36.274249 7f55bcceb700             Options.target_file_size_multiplier: 1
2020/09/04-23:28:36.274250 7f55bcceb700                Options.max_bytes_for_level_base: 268435456
2020/09/04-23:28:36.274251 7f55bcceb700 Options.level_compaction_dynamic_level_bytes: 1
2020/09/04-23:28:36.274252 7f55bcceb700          Options.max_bytes_for_level_multiplier: 10.000000
2020/09/04-23:28:36.274254 7f55bcceb700 Options.max_bytes_for_level_multiplier_addtl[0]: 1
2020/09/04-23:28:36.274255 7f55bcceb700 Options.max_bytes_for_level_multiplier_addtl[1]: 1
2020/09/04-23:28:36.274256 7f55bcceb700 Options.max_bytes_for_level_multiplier_addtl[2]: 1
2020/09/04-23:28:36.274257 7f55bcceb700 Options.max_bytes_for_level_multiplier_addtl[3]: 1
2020/09/04-23:28:36.274258 7f55bcceb700 Options.max_bytes_for_level_multiplier_addtl[4]: 1
2020/09/04-23:28:36.274259 7f55bcceb700 Options.max_bytes_for_level_multiplier_addtl[5]: 1
2020/09/04-23:28:36.274260 7f55bcceb700 Options.max_bytes_for_level_multiplier_addtl[6]: 1
2020/09/04-23:28:36.274261 7f55bcceb700       Options.max_sequential_skip_in_iterations: 8
2020/09/04-23:28:36.274262 7f55bcceb700                    Options.max_compaction_bytes: 6710886400
2020/09/04-23:28:36.274263 7f55bcceb700                        Options.arena_block_size: 8388608
2020/09/04-23:28:36.274264 7f55bcceb700   Options.soft_pending_compaction_bytes_limit: 68719476736
2020/09/04-23:28:36.274265 7f55bcceb700   Options.hard_pending_compaction_bytes_limit: 274877906944
2020/09/04-23:28:36.274266 7f55bcceb700       Options.rate_limit_delay_max_milliseconds: 100
2020/09/04-23:28:36.274267 7f55bcceb700                Options.disable_auto_compactions: 0
2020/09/04-23:28:36.274268 7f55bcceb700                        Options.compaction_style: kCompactionStyleLevel
2020/09/04-23:28:36.274270 7f55bcceb700                          Options.compaction_pri: kMinOverlappingRatio
2020/09/04-23:28:36.274271 7f55bcceb700 Options.compaction_options_universal.size_ratio: 1
2020/09/04-23:28:36.274272 7f55bcceb700 Options.compaction_options_universal.min_merge_width: 2
2020/09/04-23:28:36.274273 7f55bcceb700 Options.compaction_options_universal.max_merge_width: 4294967295
2020/09/04-23:28:36.274274 7f55bcceb700 Options.compaction_options_universal.max_size_amplification_percent: 200
2020/09/04-23:28:36.274275 7f55bcceb700 Options.compaction_options_universal.compression_size_percent: -1
2020/09/04-23:28:36.274276 7f55bcceb700 Options.compaction_options_universal.stop_style: kCompactionStopStyleTotalSize
2020/09/04-23:28:36.274277 7f55bcceb700 Options.compaction_options_fifo.max_table_files_size: 1073741824
2020/09/04-23:28:36.274278 7f55bcceb700 Options.compaction_options_fifo.allow_compaction: 0
2020/09/04-23:28:36.274279 7f55bcceb700                   Options.table_properties_collectors: 
2020/09/04-23:28:36.274280 7f55bcceb700                   Options.inplace_update_support: 0
2020/09/04-23:28:36.274281 7f55bcceb700                 Options.inplace_update_num_locks: 10000
2020/09/04-23:28:36.274282 7f55bcceb700               Options.memtable_prefix_bloom_size_ratio: 0.000000
2020/09/04-23:28:36.274283 7f55bcceb700               Options.memtable_whole_key_filtering: 0
2020/09/04-23:28:36.274284 7f55bcceb700   Options.memtable_huge_page_size: 0
2020/09/04-23:28:36.274285 7f55bcceb700                           Options.bloom_locality: 0
2020/09/04-23:28:36.274286 7f55bcceb700                    Options.max_successive_merges: 0
2020/09/04-23:28:36.274287 7f55bcceb700                Options.optimize_filters_for_hits: 0
2020/09/04-23:28:36.274293 7f55bcceb700                Options.paranoid_file_checks: 0
2020/09/04-23:28:36.274294 7f55bcceb700                Options.force_consistency_checks: 0
2020/09/04-23:28:36.274295 7f55bcceb700                Options.report_bg_io_stats: 0
2020/09/04-23:28:36.274296 7f55bcceb700                               Options.ttl: 2592000
2020/09/04-23:28:36.274297 7f55bcceb700          Options.periodic_compaction_seconds: 0
2020/09/04-23:28:36.274329 7f55bcceb700 [column_family.cc:552] --------------- Options for column family [col1]:
2020/09/04-23:28:36.274331 7f55bcceb700               Options.comparator: leveldb.BytewiseComparator
2020/09/04-23:28:36.274332 7f55bcceb700           Options.merge_operator: None
2020/09/04-23:28:36.274333 7f55bcceb700        Options.compaction_filter: None
2020/09/04-23:28:36.274334 7f55bcceb700        Options.compaction_filter_factory: None
2020/09/04-23:28:36.274335 7f55bcceb700         Options.memtable_factory: SkipListFactory
2020/09/04-23:28:36.274336 7f55bcceb700            Options.table_factory: BlockBasedTable
2020/09/04-23:28:36.274357 7f55bcceb700            table_factory options:   flush_block_policy_factory: FlushBlockBySizePolicyFactory (0x561ffc30d4c0)
  cache_index_and_filter_blocks: 1
  cache_index_and_filter_blocks_with_high_priority: 1
  pin_l0_filter_and_index_blocks_in_cache: 1
  pin_top_level_index_and_filter: 1
  index_type: 0
  data_block_index_type: 0
  index_shortening: 1
  data_block_hash_table_util_ratio: 0.750000
  hash_index_allow_collision: 1
  checksum: 1
  no_block_cache: 0
  block_cache: 0x561ffc305fb0
  block_cache_name: LRUCache
  block_cache_options:
    capacity : 134217728
    num_shard_bits : 6
    strict_capacity_limit : 0
    memory_allocator : None
    high_pri_pool_ratio: 0.500
  block_cache_compressed: (nil)
  persistent_cache: (nil)
  block_size: 65536
  block_size_deviation: 10
  block_restart_interval: 16
  index_block_restart_interval: 1
  metadata_block_size: 4096
  partition_filters: 0
  use_delta_encoding: 1
  filter_policy: rocksdb.BuiltinBloomFilter
  whole_key_filtering: 1
  verify_compression: 0
  read_amp_bytes_per_bit: 0
  format_version: 2
  enable_index_compression: 1
  block_align: 0
2020/09/04-23:28:36.274360 7f55bcceb700        Options.write_buffer_size: 4194304
2020/09/04-23:28:36.274362 7f55bcceb700  Options.max_write_buffer_number: 6
2020/09/04-23:28:36.274363 7f55bcceb700          Options.compression: Snappy
2020/09/04-23:28:36.274364 7f55bcceb700                  Options.bottommost_compression: Disabled
2020/09/04-23:28:36.274365 7f55bcceb700       Options.prefix_extractor: nullptr
2020/09/04-23:28:36.274366 7f55bcceb700   Options.memtable_insert_with_hint_prefix_extractor: nullptr
2020/09/04-23:28:36.274367 7f55bcceb700             Options.num_levels: 7
2020/09/04-23:28:36.274368 7f55bcceb700        Options.min_write_buffer_number_to_merge: 2
2020/09/04-23:28:36.274369 7f55bcceb700     Options.max_write_buffer_number_to_maintain: 0
2020/09/04-23:28:36.274370 7f55bcceb700     Options.max_write_buffer_size_to_maintain: 0
2020/09/04-23:28:36.274371 7f55bcceb700            Options.bottommost_compression_opts.window_bits: -14
2020/09/04-23:28:36.274372 7f55bcceb700                  Options.bottommost_compression_opts.level: 32767
2020/09/04-23:28:36.274372 7f55bcceb700               Options.bottommost_compression_opts.strategy: 0
2020/09/04-23:28:36.274373 7f55bcceb700         Options.bottommost_compression_opts.max_dict_bytes: 0
2020/09/04-23:28:36.274374 7f55bcceb700         Options.bottommost_compression_opts.zstd_max_train_bytes: 0
2020/09/04-23:28:36.274375 7f55bcceb700                  Options.bottommost_compression_opts.enabled: false
2020/09/04-23:28:36.274376 7f55bcceb700            Options.compression_opts.window_bits: -14
2020/09/04-23:28:36.274377 7f55bcceb700                  Options.compression_opts.level: 32767
2020/09/04-23:28:36.274378 7f55bcceb700               Options.compression_opts.strategy: 0
2020/09/04-23:28:36.274379 7f55bcceb700         Options.compression_opts.max_dict_bytes: 0
2020/09/04-23:28:36.274387 7f55bcceb700         Options.compression_opts.zstd_max_train_bytes: 0
2020/09/04-23:28:36.274389 7f55bcceb700                  Options.compression_opts.enabled: false
2020/09/04-23:28:36.274390 7f55bcceb700      Options.level0_file_num_compaction_trigger: 2
2020/09/04-23:28:36.274391 7f55bcceb700          Options.level0_slowdown_writes_trigger: 20
2020/09/04-23:28:36.274392 7f55bcceb700              Options.level0_stop_writes_trigger: 36
2020/09/04-23:28:36.274393 7f55bcceb700                   Options.target_file_size_base: 268435456
2020/09/04-23:28:36.274394 7f55bcceb700             Options.target_file_size_multiplier: 1
2020/09/04-23:28:36.274395 7f55bcceb700                Options.max_bytes_for_level_base: 16777216
2020/09/04-23:28:36.274396 7f55bcceb700 Options.level_compaction_dynamic_level_bytes: 1
2020/09/04-23:28:36.274397 7f55bcceb700          Options.max_bytes_for_level_multiplier: 10.000000
2020/09/04-23:28:36.274398 7f55bcceb700 Options.max_bytes_for_level_multiplier_addtl[0]: 1
2020/09/04-23:28:36.274399 7f55bcceb700 Options.max_bytes_for_level_multiplier_addtl[1]: 1
2020/09/04-23:28:36.274400 7f55bcceb700 Options.max_bytes_for_level_multiplier_addtl[2]: 1
2020/09/04-23:28:36.274401 7f55bcceb700 Options.max_bytes_for_level_multiplier_addtl[3]: 1
2020/09/04-23:28:36.274402 7f55bcceb700 Options.max_bytes_for_level_multiplier_addtl[4]: 1
2020/09/04-23:28:36.274403 7f55bcceb700 Options.max_bytes_for_level_multiplier_addtl[5]: 1
2020/09/04-23:28:36.274404 7f55bcceb700 Options.max_bytes_for_level_multiplier_addtl[6]: 1
2020/09/04-23:28:36.274405 7f55bcceb700       Options.max_sequential_skip_in_iterations: 8
2020/09/04-23:28:36.274418 7f55bcceb700                    Options.max_compaction_bytes: 6710886400
2020/09/04-23:28:36.274419 7f55bcceb700                        Options.arena_block_size: 524288
2020/09/04-23:28:36.274420 7f55bcceb700   Options.soft_pending_compaction_bytes_limit: 68719476736
2020/09/04-23:28:36.274421 7f55bcceb700   Options.hard_pending_compaction_bytes_limit: 274877906944
2020/09/04-23:28:36.274422 7f55bcceb700       Options.rate_limit_delay_max_milliseconds: 100
2020/09/04-23:28:36.274423 7f55bcceb700                Options.disable_auto_compactions: 0
2020/09/04-23:28:36.274424 7f55bcceb700                        Options.compaction_style: kCompactionStyleLevel
2020/09/04-23:28:36.274425 7f55bcceb700                          Options.compaction_pri: kMinOverlappingRatio
2020/09/04-23:28:36.274426 7f55bcceb700 Options.compaction_options_universal.size_ratio: 1
2020/09/04-23:28:36.274427 7f55bcceb700 Options.compaction_options_universal.min_merge_width: 2
2020/09/04-23:28:36.274428 7f55bcceb700 Options.compaction_options_universal.max_merge_width: 4294967295
2020/09/04-23:28:36.274429 7f55bcceb700 Options.compaction_options_universal.max_size_amplification_percent: 200
2020/09/04-23:28:36.274430 7f55bcceb700 Options.compaction_options_universal.compression_size_percent: -1
2020/09/04-23:28:36.274431 7f55bcceb700 Options.compaction_options_universal.stop_style: kCompactionStopStyleTotalSize
2020/09/04-23:28:36.274432 7f55bcceb700 Options.compaction_options_fifo.max_table_files_size: 1073741824
2020/09/04-23:28:36.274433 7f55bcceb700 Options.compaction_options_fifo.allow_compaction: 0
2020/09/04-23:28:36.274434 7f55bcceb700                   Options.table_properties_collectors: 
2020/09/04-23:28:36.274435 7f55bcceb700                   Options.inplace_update_support: 0
2020/09/04-23:28:36.274436 7f55bcceb700                 Options.inplace_update_num_locks: 10000
2020/09/04-23:28:36.274437 7f55bcceb700               Options.memtable_prefix_bloom_size_ratio: 0.000000
2020/09/04-23:28:36.274438 7f55bcceb700               Options.memtable_whole_key_filtering: 0
2020/09/04-23:28:36.274439 7f55bcceb700   Options.memtable_huge_page_size: 0
2020/09/04-23:28:36.274440 7f55bcceb700                           Options.bloom_locality: 0
2020/09/04-23:28:36.274441 7f55bcceb700                    Options.max_successive_merges: 0
2020/09/04-23:28:36.274442 7f55bcceb700                Options.optimize_filters_for_hits: 0
2020/09/04-23:28:36.274448 7f55bcceb700                Options.paranoid_file_checks: 0
2020/09/04-23:28:36.274449 7f55bcceb700                Options.force_consistency_checks: 0
2020/09/04-23:28:36.274450 7f55bcceb700                Options.report_bg_io_stats: 0
2020/09/04-23:28:36.274451 7f55bcceb700                               Options.ttl: 2592000
2020/09/04-23:28:36.274452 7f55bcceb700          Options.periodic_compaction_seconds: 0
2020/09/04-23:28:36.274476 7f55bcceb700 [column_family.cc:552] --------------- Options for column family [col2]:
2020/09/04-23:28:36.274478 7f55bcceb700               Options.comparator: leveldb.BytewiseComparator
2020/09/04-23:28:36.274479 7f55bcceb700           Options.merge_operator: None
2020/09/04-23:28:36.274480 7f55bcceb700        Options.compaction_filter: None
2020/09/04-23:28:36.274481 7f55bcceb700        Options.compaction_filter_factory: None
2020/09/04-23:28:36.274482 7f55bcceb700         Options.memtable_factory: SkipListFactory
2020/09/04-23:28:36.274482 7f55bcceb700            Options.table_factory: BlockBasedTable
2020/09/04-23:28:36.274513 7f55bcceb700            table_factory options:   flush_block_policy_factory: FlushBlockBySizePolicyFactory (0x561ffc30dc20)
  cache_index_and_filter_blocks: 1
  cache_index_and_filter_blocks_with_high_priority: 1
  pin_l0_filter_and_index_blocks_in_cache: 1
  pin_top_level_index_and_filter: 1
  index_type: 0
  data_block_index_type: 0
  index_shortening: 1
  data_block_hash_table_util_ratio: 0.750000
  hash_index_allow_collision: 1
  checksum: 1
  no_block_cache: 0
  block_cache: 0x561ffc305fb0
  block_cache_name: LRUCache
  block_cache_options:
    capacity : 134217728
    num_shard_bits : 6
    strict_capacity_limit : 0
    memory_allocator : None
    high_pri_pool_ratio: 0.500
  block_cache_compressed: (nil)
  persistent_cache: (nil)
  block_size: 65536
  block_size_deviation: 10
  block_restart_interval: 16
  index_block_restart_interval: 1
  metadata_block_size: 4096
  partition_filters: 0
  use_delta_encoding: 1
  filter_policy: rocksdb.BuiltinBloomFilter
  whole_key_filtering: 1
  verify_compression: 0
  read_amp_bytes_per_bit: 0
  format_version: 2
  enable_index_compression: 1
  block_align: 0
2020/09/04-23:28:36.274519 7f55bcceb700        Options.write_buffer_size: 4194304
2020/09/04-23:28:36.274520 7f55bcceb700  Options.max_write_buffer_number: 6
2020/09/04-23:28:36.274521 7f55bcceb700          Options.compression: Snappy
2020/09/04-23:28:36.274522 7f55bcceb700                  Options.bottommost_compression: Disabled
2020/09/04-23:28:36.274523 7f55bcceb700       Options.prefix_extractor: nullptr
2020/09/04-23:28:36.274524 7f55bcceb700   Options.memtable_insert_with_hint_prefix_extractor: nullptr
2020/09/04-23:28:36.274525 7f55bcceb700             Options.num_levels: 7
2020/09/04-23:28:36.274526 7f55bcceb700        Options.min_write_buffer_number_to_merge: 2
2020/09/04-23:28:36.274526 7f55bcceb700     Options.max_write_buffer_number_to_maintain: 0
2020/09/04-23:28:36.274527 7f55bcceb700     Options.max_write_buffer_size_to_maintain: 0
2020/09/04-23:28:36.274528 7f55bcceb700            Options.bottommost_compression_opts.window_bits: -14
2020/09/04-23:28:36.274529 7f55bcceb700                  Options.bottommost_compression_opts.level: 32767
2020/09/04-23:28:36.274530 7f55bcceb700               Options.bottommost_compression_opts.strategy: 0
2020/09/04-23:28:36.274531 7f55bcceb700         Options.bottommost_compression_opts.max_dict_bytes: 0
2020/09/04-23:28:36.274532 7f55bcceb700         Options.bottommost_compression_opts.zstd_max_train_bytes: 0
2020/09/04-23:28:36.274533 7f55bcceb700                  Options.bottommost_compression_opts.enabled: false
2020/09/04-23:28:36.274534 7f55bcceb700            Options.compression_opts.window_bits: -14
2020/09/04-23:28:36.274535 7f55bcceb700                  Options.compression_opts.level: 32767
2020/09/04-23:28:36.274536 7f55bcceb700               Options.compression_opts.strategy: 0
2020/09/04-23:28:36.274536 7f55bcceb700         Options.compression_opts.max_dict_bytes: 0
2020/09/04-23:28:36.274544 7f55bcceb700         Options.compression_opts.zstd_max_train_bytes: 0
2020/09/04-23:28:36.274546 7f55bcceb700                  Options.compression_opts.enabled: false
2020/09/04-23:28:36.274546 7f55bcceb700      Options.level0_file_num_compaction_trigger: 2
2020/09/04-23:28:36.274547 7f55bcceb700          Options.level0_slowdown_writes_trigger: 20
2020/09/04-23:28:36.274548 7f55bcceb700              Options.level0_stop_writes_trigger: 36
2020/09/04-23:28:36.274549 7f55bcceb700                   Options.target_file_size_base: 268435456
2020/09/04-23:28:36.274550 7f55bcceb700             Options.target_file_size_multiplier: 1
2020/09/04-23:28:36.274551 7f55bcceb700                Options.max_bytes_for_level_base: 16777216
2020/09/04-23:28:36.274552 7f55bcceb700 Options.level_compaction_dynamic_level_bytes: 1
2020/09/04-23:28:36.274553 7f55bcceb700          Options.max_bytes_for_level_multiplier: 10.000000
2020/09/04-23:28:36.274555 7f55bcceb700 Options.max_bytes_for_level_multiplier_addtl[0]: 1
2020/09/04-23:28:36.274556 7f55bcceb700 Options.max_bytes_for_level_multiplier_addtl[1]: 1
2020/09/04-23:28:36.274557 7f55bcceb700 Options.max_bytes_for_level_multiplier_addtl[2]: 1
2020/09/04-23:28:36.274558 7f55bcceb700 Options.max_bytes_for_level_multiplier_addtl[3]: 1
2020/09/04-23:28:36.274558 7f55bcceb700 Options.max_bytes_for_level_multiplier_addtl[4]: 1
2020/09/04-23:28:36.274559 7f55bcceb700 Options.max_bytes_for_level_multiplier_addtl[5]: 1
2020/09/04-23:28:36.274560 7f55bcceb700 Options.max_bytes_for_level_multiplier_addtl[6]: 1
2020/09/04-23:28:36.274561 7f55bcceb700       Options.max_sequential_skip_in_iterations: 8
2020/09/04-23:28:36.274562 7f55bcceb700                    Options.max_compaction_bytes: 6710886400
2020/09/04-23:28:36.274563 7f55bcceb700                        Options.arena_block_size: 524288
2020/09/04-23:28:36.274564 7f55bcceb700   Options.soft_pending_compaction_bytes_limit: 68719476736
2020/09/04-23:28:36.274565 7f55bcceb700   Options.hard_pending_compaction_bytes_limit: 274877906944
2020/09/04-23:28:36.274566 7f55bcceb700       Options.rate_limit_delay_max_milliseconds: 100
2020/09/04-23:28:36.274567 7f55bcceb700                Options.disable_auto_compactions: 0
2020/09/04-23:28:36.274568 7f55bcceb700                        Options.compaction_style: kCompactionStyleLevel
2020/09/04-23:28:36.274569 7f55bcceb700                          Options.compaction_pri: kMinOverlappingRatio
2020/09/04-23:28:36.274570 7f55bcceb700 Options.compaction_options_universal.size_ratio: 1
2020/09/04-23:28:36.274571 7f55bcceb700 Options.compaction_options_universal.min_merge_width: 2
2020/09/04-23:28:36.274572 7f55bcceb700 Options.compaction_options_universal.max_merge_width: 4294967295
2020/09/04-23:28:36.274584 7f55bcceb700 Options.compaction_options_universal.max_size_amplification_percent: 200
2020/09/04-23:28:36.274585 7f55bcceb700 Options.compaction_options_universal.compression_size_percent: -1
