2020/09/04-23:28:33.354334 7fe494dee700 RocksDB version: 6.7.3
2020/09/04-23:28:33.354368 7fe494dee700 Git sha rocksdb_build_git_sha:@0915c99f01b46f50af8e02da8b6528156f584b7c@
2020/09/04-23:28:33.354370 7fe494dee700 Compile date Aug 20 2020
2020/09/04-23:28:33.354374 7fe494dee700 DB SUMMARY
2020/09/04-23:28:33.354427 7fe494dee700 CURRENT file:  CURRENT
2020/09/04-23:28:33.354429 7fe494dee700 IDENTITY file:  IDENTITY
2020/09/04-23:28:33.354436 7fe494dee700 MANIFEST file:  MANIFEST-000087 size: 1658 Bytes
2020/09/04-23:28:33.354438 7fe494dee700 SST files in db.ss2/chains/DevelopmentChain/db/1484bce8c021f2ca/overlayrecent/db dir, Total Num: 6, files: 000026.sst 000027.sst 000028.sst 000029.sst 000091.sst 000092.sst 
2020/09/04-23:28:33.354440 7fe494dee700 Write Ahead Log file in db.ss2/chains/DevelopmentChain/db/1484bce8c021f2ca/overlayrecent/db: 000088.log size: 173 ; 
2020/09/04-23:28:33.354441 7fe494dee700                         Options.error_if_exists: 0
2020/09/04-23:28:33.354442 7fe494dee700                       Options.create_if_missing: 1
2020/09/04-23:28:33.354443 7fe494dee700                         Options.paranoid_checks: 1
2020/09/04-23:28:33.354444 7fe494dee700                                     Options.env: 0x5571b4e30ea0
2020/09/04-23:28:33.354446 7fe494dee700                                      Options.fs: Posix File System
2020/09/04-23:28:33.354447 7fe494dee700                                Options.info_log: 0x5571b647f110
2020/09/04-23:28:33.354448 7fe494dee700                Options.max_file_opening_threads: 16
2020/09/04-23:28:33.354449 7fe494dee700                              Options.statistics: (nil)
2020/09/04-23:28:33.354450 7fe494dee700                               Options.use_fsync: 0
2020/09/04-23:28:33.354451 7fe494dee700                       Options.max_log_file_size: 0
2020/09/04-23:28:33.354452 7fe494dee700                  Options.max_manifest_file_size: 1073741824
2020/09/04-23:28:33.354453 7fe494dee700                   Options.log_file_time_to_roll: 0
2020/09/04-23:28:33.354454 7fe494dee700                       Options.keep_log_file_num: 1
2020/09/04-23:28:33.354455 7fe494dee700                    Options.recycle_log_file_num: 0
2020/09/04-23:28:33.354456 7fe494dee700                         Options.allow_fallocate: 1
2020/09/04-23:28:33.354457 7fe494dee700                        Options.allow_mmap_reads: 0
2020/09/04-23:28:33.354458 7fe494dee700                       Options.allow_mmap_writes: 0
2020/09/04-23:28:33.354459 7fe494dee700                        Options.use_direct_reads: 0
2020/09/04-23:28:33.354460 7fe494dee700                        Options.use_direct_io_for_flush_and_compaction: 0
2020/09/04-23:28:33.354460 7fe494dee700          Options.create_missing_column_families: 0
2020/09/04-23:28:33.354461 7fe494dee700                              Options.db_log_dir: 
2020/09/04-23:28:33.354462 7fe494dee700                                 Options.wal_dir: db.ss2/chains/DevelopmentChain/db/1484bce8c021f2ca/overlayrecent/db
2020/09/04-23:28:33.354463 7fe494dee700                Options.table_cache_numshardbits: 6
2020/09/04-23:28:33.354464 7fe494dee700                      Options.max_subcompactions: 1
2020/09/04-23:28:33.354465 7fe494dee700                  Options.max_background_flushes: -1
2020/09/04-23:28:33.354466 7fe494dee700                         Options.WAL_ttl_seconds: 0
2020/09/04-23:28:33.354467 7fe494dee700                       Options.WAL_size_limit_MB: 0
2020/09/04-23:28:33.354468 7fe494dee700                        Options.max_write_batch_group_size_bytes: 1048576
2020/09/04-23:28:33.354469 7fe494dee700             Options.manifest_preallocation_size: 4194304
2020/09/04-23:28:33.354470 7fe494dee700                     Options.is_fd_close_on_exec: 1
2020/09/04-23:28:33.354471 7fe494dee700                   Options.advise_random_on_open: 1
2020/09/04-23:28:33.354472 7fe494dee700                    Options.db_write_buffer_size: 0
2020/09/04-23:28:33.354473 7fe494dee700                    Options.write_buffer_manager: 0x5571b647d1e0
2020/09/04-23:28:33.354474 7fe494dee700         Options.access_hint_on_compaction_start: 1
2020/09/04-23:28:33.354475 7fe494dee700  Options.new_table_reader_for_compaction_inputs: 0
2020/09/04-23:28:33.354484 7fe494dee700           Options.random_access_max_buffer_size: 1048576
2020/09/04-23:28:33.354486 7fe494dee700                      Options.use_adaptive_mutex: 0
2020/09/04-23:28:33.354487 7fe494dee700                            Options.rate_limiter: (nil)
2020/09/04-23:28:33.354488 7fe494dee700     Options.sst_file_manager.rate_bytes_per_sec: 0
2020/09/04-23:28:33.354489 7fe494dee700                       Options.wal_recovery_mode: 2
2020/09/04-23:28:33.354490 7fe494dee700                  Options.enable_thread_tracking: 0
2020/09/04-23:28:33.354491 7fe494dee700                  Options.enable_pipelined_write: 0
2020/09/04-23:28:33.354492 7fe494dee700                  Options.unordered_write: 0
2020/09/04-23:28:33.354493 7fe494dee700         Options.allow_concurrent_memtable_write: 1
2020/09/04-23:28:33.354494 7fe494dee700      Options.enable_write_thread_adaptive_yield: 1
2020/09/04-23:28:33.354495 7fe494dee700             Options.write_thread_max_yield_usec: 100
2020/09/04-23:28:33.354496 7fe494dee700            Options.write_thread_slow_yield_usec: 3
2020/09/04-23:28:33.354496 7fe494dee700                               Options.row_cache: None
2020/09/04-23:28:33.354497 7fe494dee700                              Options.wal_filter: None
2020/09/04-23:28:33.354498 7fe494dee700             Options.avoid_flush_during_recovery: 0
2020/09/04-23:28:33.354499 7fe494dee700             Options.allow_ingest_behind: 0
2020/09/04-23:28:33.354500 7fe494dee700             Options.preserve_deletes: 0
2020/09/04-23:28:33.354501 7fe494dee700             Options.two_write_queues: 0
2020/09/04-23:28:33.354502 7fe494dee700             Options.manual_wal_flush: 0
2020/09/04-23:28:33.354503 7fe494dee700             Options.atomic_flush: 0
2020/09/04-23:28:33.354504 7fe494dee700             Options.avoid_unnecessary_blocking_io: 0
2020/09/04-23:28:33.354505 7fe494dee700                 Options.persist_stats_to_disk: 0
2020/09/04-23:28:33.354506 7fe494dee700                 Options.write_dbid_to_manifest: 0
2020/09/04-23:28:33.354507 7fe494dee700                 Options.log_readahead_size: 0
2020/09/04-23:28:33.354508 7fe494dee700             Options.max_background_jobs: 1
2020/09/04-23:28:33.354509 7fe494dee700             Options.max_background_compactions: -1
2020/09/04-23:28:33.354510 7fe494dee700             Options.avoid_flush_during_shutdown: 0
2020/09/04-23:28:33.354511 7fe494dee700           Options.writable_file_max_buffer_size: 1048576
2020/09/04-23:28:33.354512 7fe494dee700             Options.delayed_write_rate : 16777216
2020/09/04-23:28:33.354513 7fe494dee700             Options.max_total_wal_size: 0
2020/09/04-23:28:33.354514 7fe494dee700             Options.delete_obsolete_files_period_micros: 21600000000
2020/09/04-23:28:33.354515 7fe494dee700                   Options.stats_dump_period_sec: 600
2020/09/04-23:28:33.354516 7fe494dee700                 Options.stats_persist_period_sec: 600
2020/09/04-23:28:33.354527 7fe494dee700                 Options.stats_history_buffer_size: 1048576
2020/09/04-23:28:33.354528 7fe494dee700                          Options.max_open_files: 512
2020/09/04-23:28:33.354529 7fe494dee700                          Options.bytes_per_sync: 1048576
2020/09/04-23:28:33.354529 7fe494dee700                      Options.wal_bytes_per_sync: 0
2020/09/04-23:28:33.354530 7fe494dee700                   Options.strict_bytes_per_sync: 0
2020/09/04-23:28:33.354531 7fe494dee700       Options.compaction_readahead_size: 0
2020/09/04-23:28:33.354532 7fe494dee700 Compression algorithms supported:
2020/09/04-23:28:33.354533 7fe494dee700 	kZSTDNotFinalCompression supported: 0
2020/09/04-23:28:33.354535 7fe494dee700 	kZSTD supported: 0
2020/09/04-23:28:33.354536 7fe494dee700 	kXpressCompression supported: 0
2020/09/04-23:28:33.354537 7fe494dee700 	kLZ4HCCompression supported: 0
2020/09/04-23:28:33.354538 7fe494dee700 	kLZ4Compression supported: 0
2020/09/04-23:28:33.354539 7fe494dee700 	kBZip2Compression supported: 0
2020/09/04-23:28:33.354545 7fe494dee700 	kZlibCompression supported: 0
2020/09/04-23:28:33.354546 7fe494dee700 	kSnappyCompression supported: 1
2020/09/04-23:28:33.354552 7fe494dee700 Fast CRC32 supported: Supported on x86
2020/09/04-23:28:36.207726 7fe494dee700 [version_set.cc:4402] Recovering from manifest file: db.ss2/chains/DevelopmentChain/db/1484bce8c021f2ca/overlayrecent/db/MANIFEST-000087
2020/09/04-23:28:36.207872 7fe494dee700 [column_family.cc:552] --------------- Options for column family [default]:
2020/09/04-23:28:36.207876 7fe494dee700               Options.comparator: leveldb.BytewiseComparator
2020/09/04-23:28:36.207877 7fe494dee700           Options.merge_operator: None
2020/09/04-23:28:36.207878 7fe494dee700        Options.compaction_filter: None
2020/09/04-23:28:36.207880 7fe494dee700        Options.compaction_filter_factory: None
2020/09/04-23:28:36.207881 7fe494dee700         Options.memtable_factory: SkipListFactory
2020/09/04-23:28:36.207882 7fe494dee700            Options.table_factory: BlockBasedTable
2020/09/04-23:28:36.207912 7fe494dee700            table_factory options:   flush_block_policy_factory: FlushBlockBySizePolicyFactory (0x5571b647c230)
  cache_index_and_filter_blocks: 0
  cache_index_and_filter_blocks_with_high_priority: 1
  pin_l0_filter_and_index_blocks_in_cache: 0
  pin_top_level_index_and_filter: 1
  index_type: 0
  data_block_index_type: 0
  index_shortening: 1
  data_block_hash_table_util_ratio: 0.750000
  hash_index_allow_collision: 1
  checksum: 1
  no_block_cache: 0
  block_cache: 0x5571b647a170
  block_cache_name: LRUCache
  block_cache_options:
    capacity : 8388608
    num_shard_bits : 4
    strict_capacity_limit : 0
    memory_allocator : None
    high_pri_pool_ratio: 0.000
  block_cache_compressed: (nil)
  persistent_cache: (nil)
  block_size: 4096
  block_size_deviation: 10
  block_restart_interval: 16
  index_block_restart_interval: 1
  metadata_block_size: 4096
  partition_filters: 0
  use_delta_encoding: 1
  filter_policy: nullptr
  whole_key_filtering: 1
  verify_compression: 0
  read_amp_bytes_per_bit: 0
  format_version: 2
  enable_index_compression: 1
  block_align: 0
2020/09/04-23:28:36.207923 7fe494dee700        Options.write_buffer_size: 67108864
2020/09/04-23:28:36.207936 7fe494dee700  Options.max_write_buffer_number: 2
2020/09/04-23:28:36.207937 7fe494dee700          Options.compression: Snappy
2020/09/04-23:28:36.207938 7fe494dee700                  Options.bottommost_compression: Disabled
2020/09/04-23:28:36.207940 7fe494dee700       Options.prefix_extractor: nullptr
2020/09/04-23:28:36.207941 7fe494dee700   Options.memtable_insert_with_hint_prefix_extractor: nullptr
2020/09/04-23:28:36.207941 7fe494dee700             Options.num_levels: 7
2020/09/04-23:28:36.207943 7fe494dee700        Options.min_write_buffer_number_to_merge: 1
2020/09/04-23:28:36.207944 7fe494dee700     Options.max_write_buffer_number_to_maintain: 0
2020/09/04-23:28:36.207945 7fe494dee700     Options.max_write_buffer_size_to_maintain: 0
2020/09/04-23:28:36.207946 7fe494dee700            Options.bottommost_compression_opts.window_bits: -14
2020/09/04-23:28:36.207947 7fe494dee700                  Options.bottommost_compression_opts.level: 32767
2020/09/04-23:28:36.207948 7fe494dee700               Options.bottommost_compression_opts.strategy: 0
2020/09/04-23:28:36.207949 7fe494dee700         Options.bottommost_compression_opts.max_dict_bytes: 0
2020/09/04-23:28:36.207950 7fe494dee700         Options.bottommost_compression_opts.zstd_max_train_bytes: 0
2020/09/04-23:28:36.207951 7fe494dee700                  Options.bottommost_compression_opts.enabled: false
2020/09/04-23:28:36.207952 7fe494dee700            Options.compression_opts.window_bits: -14
2020/09/04-23:28:36.207953 7fe494dee700                  Options.compression_opts.level: 32767
2020/09/04-23:28:36.207954 7fe494dee700               Options.compression_opts.strategy: 0
2020/09/04-23:28:36.207955 7fe494dee700         Options.compression_opts.max_dict_bytes: 0
2020/09/04-23:28:36.207956 7fe494dee700         Options.compression_opts.zstd_max_train_bytes: 0
2020/09/04-23:28:36.207974 7fe494dee700                  Options.compression_opts.enabled: false
2020/09/04-23:28:36.207986 7fe494dee700      Options.level0_file_num_compaction_trigger: 4
2020/09/04-23:28:36.207987 7fe494dee700          Options.level0_slowdown_writes_trigger: 20
2020/09/04-23:28:36.207988 7fe494dee700              Options.level0_stop_writes_trigger: 36
2020/09/04-23:28:36.207989 7fe494dee700                   Options.target_file_size_base: 67108864
2020/09/04-23:28:36.207990 7fe494dee700             Options.target_file_size_multiplier: 1
2020/09/04-23:28:36.207991 7fe494dee700                Options.max_bytes_for_level_base: 268435456
2020/09/04-23:28:36.207992 7fe494dee700 Options.level_compaction_dynamic_level_bytes: 0
2020/09/04-23:28:36.207993 7fe494dee700          Options.max_bytes_for_level_multiplier: 10.000000
2020/09/04-23:28:36.207995 7fe494dee700 Options.max_bytes_for_level_multiplier_addtl[0]: 1
2020/09/04-23:28:36.207996 7fe494dee700 Options.max_bytes_for_level_multiplier_addtl[1]: 1
2020/09/04-23:28:36.207997 7fe494dee700 Options.max_bytes_for_level_multiplier_addtl[2]: 1
2020/09/04-23:28:36.207998 7fe494dee700 Options.max_bytes_for_level_multiplier_addtl[3]: 1
2020/09/04-23:28:36.207999 7fe494dee700 Options.max_bytes_for_level_multiplier_addtl[4]: 1
2020/09/04-23:28:36.208000 7fe494dee700 Options.max_bytes_for_level_multiplier_addtl[5]: 1
2020/09/04-23:28:36.208001 7fe494dee700 Options.max_bytes_for_level_multiplier_addtl[6]: 1
2020/09/04-23:28:36.208002 7fe494dee700       Options.max_sequential_skip_in_iterations: 8
2020/09/04-23:28:36.208003 7fe494dee700                    Options.max_compaction_bytes: 1677721600
2020/09/04-23:28:36.208004 7fe494dee700                        Options.arena_block_size: 8388608
2020/09/04-23:28:36.208005 7fe494dee700   Options.soft_pending_compaction_bytes_limit: 68719476736
2020/09/04-23:28:36.208006 7fe494dee700   Options.hard_pending_compaction_bytes_limit: 274877906944
2020/09/04-23:28:36.208007 7fe494dee700       Options.rate_limit_delay_max_milliseconds: 100
2020/09/04-23:28:36.208008 7fe494dee700                Options.disable_auto_compactions: 0
2020/09/04-23:28:36.208010 7fe494dee700                        Options.compaction_style: kCompactionStyleLevel
2020/09/04-23:28:36.208011 7fe494dee700                          Options.compaction_pri: kMinOverlappingRatio
2020/09/04-23:28:36.208012 7fe494dee700 Options.compaction_options_universal.size_ratio: 1
2020/09/04-23:28:36.208013 7fe494dee700 Options.compaction_options_universal.min_merge_width: 2
2020/09/04-23:28:36.208014 7fe494dee700 Options.compaction_options_universal.max_merge_width: 4294967295
2020/09/04-23:28:36.208015 7fe494dee700 Options.compaction_options_universal.max_size_amplification_percent: 200
2020/09/04-23:28:36.208016 7fe494dee700 Options.compaction_options_universal.compression_size_percent: -1
2020/09/04-23:28:36.208017 7fe494dee700 Options.compaction_options_universal.stop_style: kCompactionStopStyleTotalSize
2020/09/04-23:28:36.208018 7fe494dee700 Options.compaction_options_fifo.max_table_files_size: 1073741824
2020/09/04-23:28:36.208019 7fe494dee700 Options.compaction_options_fifo.allow_compaction: 0
2020/09/04-23:28:36.208020 7fe494dee700                   Options.table_properties_collectors: 
2020/09/04-23:28:36.208021 7fe494dee700                   Options.inplace_update_support: 0
2020/09/04-23:28:36.208022 7fe494dee700                 Options.inplace_update_num_locks: 10000
2020/09/04-23:28:36.208023 7fe494dee700               Options.memtable_prefix_bloom_size_ratio: 0.000000
2020/09/04-23:28:36.208024 7fe494dee700               Options.memtable_whole_key_filtering: 0
2020/09/04-23:28:36.208025 7fe494dee700   Options.memtable_huge_page_size: 0
2020/09/04-23:28:36.208026 7fe494dee700                           Options.bloom_locality: 0
2020/09/04-23:28:36.208027 7fe494dee700                    Options.max_successive_merges: 0
2020/09/04-23:28:36.208028 7fe494dee700                Options.optimize_filters_for_hits: 0
2020/09/04-23:28:36.208029 7fe494dee700                Options.paranoid_file_checks: 0
2020/09/04-23:28:36.208035 7fe494dee700                Options.force_consistency_checks: 0
2020/09/04-23:28:36.208036 7fe494dee700                Options.report_bg_io_stats: 0
2020/09/04-23:28:36.208037 7fe494dee700                               Options.ttl: 2592000
2020/09/04-23:28:36.208038 7fe494dee700          Options.periodic_compaction_seconds: 0
2020/09/04-23:28:36.209552 7fe494dee700 [column_family.cc:552] --------------- Options for column family [col0]:
2020/09/04-23:28:36.209557 7fe494dee700               Options.comparator: leveldb.BytewiseComparator
2020/09/04-23:28:36.209559 7fe494dee700           Options.merge_operator: None
2020/09/04-23:28:36.209560 7fe494dee700        Options.compaction_filter: None
2020/09/04-23:28:36.209561 7fe494dee700        Options.compaction_filter_factory: None
2020/09/04-23:28:36.209562 7fe494dee700         Options.memtable_factory: SkipListFactory
2020/09/04-23:28:36.209563 7fe494dee700            Options.table_factory: BlockBasedTable
2020/09/04-23:28:36.209599 7fe494dee700            table_factory options:   flush_block_policy_factory: FlushBlockBySizePolicyFactory (0x5571b647a910)
  cache_index_and_filter_blocks: 1
  cache_index_and_filter_blocks_with_high_priority: 1
  pin_l0_filter_and_index_blocks_in_cache: 1
  pin_top_level_index_and_filter: 1
  index_type: 0
  data_block_index_type: 0
  index_shortening: 1
  data_block_hash_table_util_ratio: 0.750000
  hash_index_allow_collision: 1
  checksum: 1
  no_block_cache: 0
  block_cache: 0x5571b6471fc0
  block_cache_name: LRUCache
  block_cache_options:
    capacity : 134217728
    num_shard_bits : 6
    strict_capacity_limit : 0
    memory_allocator : None
    high_pri_pool_ratio: 0.500
  block_cache_compressed: (nil)
  persistent_cache: (nil)
  block_size: 65536
  block_size_deviation: 10
  block_restart_interval: 16
  index_block_restart_interval: 1
  metadata_block_size: 4096
  partition_filters: 0
  use_delta_encoding: 1
  filter_policy: rocksdb.BuiltinBloomFilter
  whole_key_filtering: 1
  verify_compression: 0
  read_amp_bytes_per_bit: 0
  format_version: 2
  enable_index_compression: 1
  block_align: 0
2020/09/04-23:28:36.209607 7fe494dee700        Options.write_buffer_size: 67108864
2020/09/04-23:28:36.209608 7fe494dee700  Options.max_write_buffer_number: 6
2020/09/04-23:28:36.209609 7fe494dee700          Options.compression: Snappy
2020/09/04-23:28:36.209610 7fe494dee700                  Options.bottommost_compression: Disabled
2020/09/04-23:28:36.209611 7fe494dee700       Options.prefix_extractor: nullptr
2020/09/04-23:28:36.209612 7fe494dee700   Options.memtable_insert_with_hint_prefix_extractor: nullptr
2020/09/04-23:28:36.209613 7fe494dee700             Options.num_levels: 7
2020/09/04-23:28:36.209626 7fe494dee700        Options.min_write_buffer_number_to_merge: 2
2020/09/04-23:28:36.209627 7fe494dee700     Options.max_write_buffer_number_to_maintain: 0
2020/09/04-23:28:36.209628 7fe494dee700     Options.max_write_buffer_size_to_maintain: 0
2020/09/04-23:28:36.209629 7fe494dee700            Options.bottommost_compression_opts.window_bits: -14
2020/09/04-23:28:36.209630 7fe494dee700                  Options.bottommost_compression_opts.level: 32767
2020/09/04-23:28:36.209631 7fe494dee700               Options.bottommost_compression_opts.strategy: 0
2020/09/04-23:28:36.209632 7fe494dee700         Options.bottommost_compression_opts.max_dict_bytes: 0
2020/09/04-23:28:36.209633 7fe494dee700         Options.bottommost_compression_opts.zstd_max_train_bytes: 0
2020/09/04-23:28:36.209634 7fe494dee700                  Options.bottommost_compression_opts.enabled: false
2020/09/04-23:28:36.209635 7fe494dee700            Options.compression_opts.window_bits: -14
2020/09/04-23:28:36.209636 7fe494dee700                  Options.compression_opts.level: 32767
2020/09/04-23:28:36.209637 7fe494dee700               Options.compression_opts.strategy: 0
2020/09/04-23:28:36.209638 7fe494dee700         Options.compression_opts.max_dict_bytes: 0
2020/09/04-23:28:36.209639 7fe494dee700         Options.compression_opts.zstd_max_train_bytes: 0
2020/09/04-23:28:36.209652 7fe494dee700                  Options.compression_opts.enabled: false
2020/09/04-23:28:36.209653 7fe494dee700      Options.level0_file_num_compaction_trigger: 2
2020/09/04-23:28:36.209654 7fe494dee700          Options.level0_slowdown_writes_trigger: 20
2020/09/04-23:28:36.209655 7fe494dee700              Options.level0_stop_writes_trigger: 36
2020/09/04-23:28:36.209656 7fe494dee700                   Options.target_file_size_base: 268435456
2020/09/04-23:28:36.209657 7fe494dee700             Options.target_file_size_multiplier: 1
2020/09/04-23:28:36.209658 7fe494dee700                Options.max_bytes_for_level_base: 268435456
2020/09/04-23:28:36.209659 7fe494dee700 Options.level_compaction_dynamic_level_bytes: 1
2020/09/04-23:28:36.209660 7fe494dee700          Options.max_bytes_for_level_multiplier: 10.000000
2020/09/04-23:28:36.209662 7fe494dee700 Options.max_bytes_for_level_multiplier_addtl[0]: 1
2020/09/04-23:28:36.209664 7fe494dee700 Options.max_bytes_for_level_multiplier_addtl[1]: 1
2020/09/04-23:28:36.209665 7fe494dee700 Options.max_bytes_for_level_multiplier_addtl[2]: 1
2020/09/04-23:28:36.209666 7fe494dee700 Options.max_bytes_for_level_multiplier_addtl[3]: 1
2020/09/04-23:28:36.209667 7fe494dee700 Options.max_bytes_for_level_multiplier_addtl[4]: 1
2020/09/04-23:28:36.209668 7fe494dee700 Options.max_bytes_for_level_multiplier_addtl[5]: 1
2020/09/04-23:28:36.209669 7fe494dee700 Options.max_bytes_for_level_multiplier_addtl[6]: 1
2020/09/04-23:28:36.209670 7fe494dee700       Options.max_sequential_skip_in_iterations: 8
2020/09/04-23:28:36.209671 7fe494dee700                    Options.max_compaction_bytes: 6710886400
2020/09/04-23:28:36.209672 7fe494dee700                        Options.arena_block_size: 8388608
2020/09/04-23:28:36.209673 7fe494dee700   Options.soft_pending_compaction_bytes_limit: 68719476736
2020/09/04-23:28:36.209674 7fe494dee700   Options.hard_pending_compaction_bytes_limit: 274877906944
2020/09/04-23:28:36.209675 7fe494dee700       Options.rate_limit_delay_max_milliseconds: 100
2020/09/04-23:28:36.209676 7fe494dee700                Options.disable_auto_compactions: 0
2020/09/04-23:28:36.209677 7fe494dee700                        Options.compaction_style: kCompactionStyleLevel
2020/09/04-23:28:36.209679 7fe494dee700                          Options.compaction_pri: kMinOverlappingRatio
2020/09/04-23:28:36.209680 7fe494dee700 Options.compaction_options_universal.size_ratio: 1
2020/09/04-23:28:36.209681 7fe494dee700 Options.compaction_options_universal.min_merge_width: 2
2020/09/04-23:28:36.209682 7fe494dee700 Options.compaction_options_universal.max_merge_width: 4294967295
2020/09/04-23:28:36.209683 7fe494dee700 Options.compaction_options_universal.max_size_amplification_percent: 200
2020/09/04-23:28:36.209684 7fe494dee700 Options.compaction_options_universal.compression_size_percent: -1
2020/09/04-23:28:36.209685 7fe494dee700 Options.compaction_options_universal.stop_style: kCompactionStopStyleTotalSize
2020/09/04-23:28:36.209686 7fe494dee700 Options.compaction_options_fifo.max_table_files_size: 1073741824
2020/09/04-23:28:36.209687 7fe494dee700 Options.compaction_options_fifo.allow_compaction: 0
2020/09/04-23:28:36.209688 7fe494dee700                   Options.table_properties_collectors: 
2020/09/04-23:28:36.209689 7fe494dee700                   Options.inplace_update_support: 0
2020/09/04-23:28:36.209690 7fe494dee700                 Options.inplace_update_num_locks: 10000
2020/09/04-23:28:36.209691 7fe494dee700               Options.memtable_prefix_bloom_size_ratio: 0.000000
2020/09/04-23:28:36.209692 7fe494dee700               Options.memtable_whole_key_filtering: 0
2020/09/04-23:28:36.209693 7fe494dee700   Options.memtable_huge_page_size: 0
2020/09/04-23:28:36.209694 7fe494dee700                           Options.bloom_locality: 0
2020/09/04-23:28:36.209695 7fe494dee700                    Options.max_successive_merges: 0
2020/09/04-23:28:36.209696 7fe494dee700                Options.optimize_filters_for_hits: 0
2020/09/04-23:28:36.209703 7fe494dee700                Options.paranoid_file_checks: 0
2020/09/04-23:28:36.209704 7fe494dee700                Options.force_consistency_checks: 0
2020/09/04-23:28:36.209705 7fe494dee700                Options.report_bg_io_stats: 0
2020/09/04-23:28:36.209706 7fe494dee700                               Options.ttl: 2592000
2020/09/04-23:28:36.209707 7fe494dee700          Options.periodic_compaction_seconds: 0
2020/09/04-23:28:36.209741 7fe494dee700 [column_family.cc:552] --------------- Options for column family [col1]:
2020/09/04-23:28:36.209743 7fe494dee700               Options.comparator: leveldb.BytewiseComparator
2020/09/04-23:28:36.209744 7fe494dee700           Options.merge_operator: None
2020/09/04-23:28:36.209745 7fe494dee700        Options.compaction_filter: None
2020/09/04-23:28:36.209747 7fe494dee700        Options.compaction_filter_factory: None
2020/09/04-23:28:36.209748 7fe494dee700         Options.memtable_factory: SkipListFactory
2020/09/04-23:28:36.209749 7fe494dee700            Options.table_factory: BlockBasedTable
2020/09/04-23:28:36.209782 7fe494dee700            table_factory options:   flush_block_policy_factory: FlushBlockBySizePolicyFactory (0x5571b647b100)
  cache_index_and_filter_blocks: 1
  cache_index_and_filter_blocks_with_high_priority: 1
  pin_l0_filter_and_index_blocks_in_cache: 1
  pin_top_level_index_and_filter: 1
  index_type: 0
  data_block_index_type: 0
  index_shortening: 1
  data_block_hash_table_util_ratio: 0.750000
  hash_index_allow_collision: 1
  checksum: 1
  no_block_cache: 0
  block_cache: 0x5571b6471fc0
  block_cache_name: LRUCache
  block_cache_options:
    capacity : 134217728
    num_shard_bits : 6
    strict_capacity_limit : 0
    memory_allocator : None
    high_pri_pool_ratio: 0.500
  block_cache_compressed: (nil)
  persistent_cache: (nil)
  block_size: 65536
  block_size_deviation: 10
  block_restart_interval: 16
  index_block_restart_interval: 1
  metadata_block_size: 4096
  partition_filters: 0
  use_delta_encoding: 1
  filter_policy: rocksdb.BuiltinBloomFilter
  whole_key_filtering: 1
  verify_compression: 0
  read_amp_bytes_per_bit: 0
  format_version: 2
  enable_index_compression: 1
  block_align: 0
2020/09/04-23:28:36.209785 7fe494dee700        Options.write_buffer_size: 4194304
2020/09/04-23:28:36.209786 7fe494dee700  Options.max_write_buffer_number: 6
2020/09/04-23:28:36.209787 7fe494dee700          Options.compression: Snappy
2020/09/04-23:28:36.209788 7fe494dee700                  Options.bottommost_compression: Disabled
2020/09/04-23:28:36.209789 7fe494dee700       Options.prefix_extractor: nullptr
2020/09/04-23:28:36.209790 7fe494dee700   Options.memtable_insert_with_hint_prefix_extractor: nullptr
2020/09/04-23:28:36.209791 7fe494dee700             Options.num_levels: 7
2020/09/04-23:28:36.209792 7fe494dee700        Options.min_write_buffer_number_to_merge: 2
2020/09/04-23:28:36.209793 7fe494dee700     Options.max_write_buffer_number_to_maintain: 0
2020/09/04-23:28:36.209794 7fe494dee700     Options.max_write_buffer_size_to_maintain: 0
2020/09/04-23:28:36.209795 7fe494dee700            Options.bottommost_compression_opts.window_bits: -14
2020/09/04-23:28:36.209796 7fe494dee700                  Options.bottommost_compression_opts.level: 32767
2020/09/04-23:28:36.209797 7fe494dee700               Options.bottommost_compression_opts.strategy: 0
2020/09/04-23:28:36.209798 7fe494dee700         Options.bottommost_compression_opts.max_dict_bytes: 0
2020/09/04-23:28:36.209799 7fe494dee700         Options.bottommost_compression_opts.zstd_max_train_bytes: 0
2020/09/04-23:28:36.209800 7fe494dee700                  Options.bottommost_compression_opts.enabled: false
2020/09/04-23:28:36.209801 7fe494dee700            Options.compression_opts.window_bits: -14
2020/09/04-23:28:36.209802 7fe494dee700                  Options.compression_opts.level: 32767
2020/09/04-23:28:36.209802 7fe494dee700               Options.compression_opts.strategy: 0
2020/09/04-23:28:36.209803 7fe494dee700         Options.compression_opts.max_dict_bytes: 0
2020/09/04-23:28:36.209812 7fe494dee700         Options.compression_opts.zstd_max_train_bytes: 0
2020/09/04-23:28:36.209814 7fe494dee700                  Options.compression_opts.enabled: false
2020/09/04-23:28:36.209815 7fe494dee700      Options.level0_file_num_compaction_trigger: 2
2020/09/04-23:28:36.209816 7fe494dee700          Options.level0_slowdown_writes_trigger: 20
2020/09/04-23:28:36.209817 7fe494dee700              Options.level0_stop_writes_trigger: 36
2020/09/04-23:28:36.209817 7fe494dee700                   Options.target_file_size_base: 268435456
2020/09/04-23:28:36.209818 7fe494dee700             Options.target_file_size_multiplier: 1
2020/09/04-23:28:36.209819 7fe494dee700                Options.max_bytes_for_level_base: 16777216
2020/09/04-23:28:36.209820 7fe494dee700 Options.level_compaction_dynamic_level_bytes: 1
2020/09/04-23:28:36.209821 7fe494dee700          Options.max_bytes_for_level_multiplier: 10.000000
2020/09/04-23:28:36.209823 7fe494dee700 Options.max_bytes_for_level_multiplier_addtl[0]: 1
2020/09/04-23:28:36.209824 7fe494dee700 Options.max_bytes_for_level_multiplier_addtl[1]: 1
2020/09/04-23:28:36.209825 7fe494dee700 Options.max_bytes_for_level_multiplier_addtl[2]: 1
2020/09/04-23:28:36.209826 7fe494dee700 Options.max_bytes_for_level_multiplier_addtl[3]: 1
2020/09/04-23:28:36.209827 7fe494dee700 Options.max_bytes_for_level_multiplier_addtl[4]: 1
2020/09/04-23:28:36.209828 7fe494dee700 Options.max_bytes_for_level_multiplier_addtl[5]: 1
2020/09/04-23:28:36.209829 7fe494dee700 Options.max_bytes_for_level_multiplier_addtl[6]: 1
2020/09/04-23:28:36.209830 7fe494dee700       Options.max_sequential_skip_in_iterations: 8
2020/09/04-23:28:36.209831 7fe494dee700                    Options.max_compaction_bytes: 6710886400
2020/09/04-23:28:36.209832 7fe494dee700                        Options.arena_block_size: 524288
2020/09/04-23:28:36.209833 7fe494dee700   Options.soft_pending_compaction_bytes_limit: 68719476736
2020/09/04-23:28:36.209834 7fe494dee700   Options.hard_pending_compaction_bytes_limit: 274877906944
2020/09/04-23:28:36.209835 7fe494dee700       Options.rate_limit_delay_max_milliseconds: 100
2020/09/04-23:28:36.209836 7fe494dee700                Options.disable_auto_compactions: 0
2020/09/04-23:28:36.209837 7fe494dee700                        Options.compaction_style: kCompactionStyleLevel
2020/09/04-23:28:36.209838 7fe494dee700                          Options.compaction_pri: kMinOverlappingRatio
2020/09/04-23:28:36.209839 7fe494dee700 Options.compaction_options_universal.size_ratio: 1
2020/09/04-23:28:36.209840 7fe494dee700 Options.compaction_options_universal.min_merge_width: 2
2020/09/04-23:28:36.209841 7fe494dee700 Options.compaction_options_universal.max_merge_width: 4294967295
2020/09/04-23:28:36.209842 7fe494dee700 Options.compaction_options_universal.max_size_amplification_percent: 200
2020/09/04-23:28:36.209843 7fe494dee700 Options.compaction_options_universal.compression_size_percent: -1
2020/09/04-23:28:36.209844 7fe494dee700 Options.compaction_options_universal.stop_style: kCompactionStopStyleTotalSize
2020/09/04-23:28:36.209845 7fe494dee700 Options.compaction_options_fifo.max_table_files_size: 1073741824
2020/09/04-23:28:36.209846 7fe494dee700 Options.compaction_options_fifo.allow_compaction: 0
2020/09/04-23:28:36.209847 7fe494dee700                   Options.table_properties_collectors: 
2020/09/04-23:28:36.209848 7fe494dee700                   Options.inplace_update_support: 0
2020/09/04-23:28:36.209849 7fe494dee700                 Options.inplace_update_num_locks: 10000
2020/09/04-23:28:36.209850 7fe494dee700               Options.memtable_prefix_bloom_size_ratio: 0.000000
2020/09/04-23:28:36.209851 7fe494dee700               Options.memtable_whole_key_filtering: 0
2020/09/04-23:28:36.209852 7fe494dee700   Options.memtable_huge_page_size: 0
2020/09/04-23:28:36.209853 7fe494dee700                           Options.bloom_locality: 0
2020/09/04-23:28:36.209854 7fe494dee700                    Options.max_successive_merges: 0
2020/09/04-23:28:36.209855 7fe494dee700                Options.optimize_filters_for_hits: 0
2020/09/04-23:28:36.209861 7fe494dee700                Options.paranoid_file_checks: 0
2020/09/04-23:28:36.209862 7fe494dee700                Options.force_consistency_checks: 0
2020/09/04-23:28:36.209863 7fe494dee700                Options.report_bg_io_stats: 0
2020/09/04-23:28:36.209864 7fe494dee700                               Options.ttl: 2592000
2020/09/04-23:28:36.209865 7fe494dee700          Options.periodic_compaction_seconds: 0
2020/09/04-23:28:36.209891 7fe494dee700 [column_family.cc:552] --------------- Options for column family [col2]:
2020/09/04-23:28:36.209893 7fe494dee700               Options.comparator: leveldb.BytewiseComparator
2020/09/04-23:28:36.209894 7fe494dee700           Options.merge_operator: None
2020/09/04-23:28:36.209895 7fe494dee700        Options.compaction_filter: None
2020/09/04-23:28:36.209896 7fe494dee700        Options.compaction_filter_factory: None
2020/09/04-23:28:36.209897 7fe494dee700         Options.memtable_factory: SkipListFactory
2020/09/04-23:28:36.209898 7fe494dee700            Options.table_factory: BlockBasedTable
2020/09/04-23:28:36.209927 7fe494dee700            table_factory options:   flush_block_policy_factory: FlushBlockBySizePolicyFactory (0x5571b6479440)
  cache_index_and_filter_blocks: 1
  cache_index_and_filter_blocks_with_high_priority: 1
  pin_l0_filter_and_index_blocks_in_cache: 1
  pin_top_level_index_and_filter: 1
  index_type: 0
  data_block_index_type: 0
  index_shortening: 1
  data_block_hash_table_util_ratio: 0.750000
  hash_index_allow_collision: 1
  checksum: 1
  no_block_cache: 0
  block_cache: 0x5571b6471fc0
  block_cache_name: LRUCache
  block_cache_options:
    capacity : 134217728
    num_shard_bits : 6
    strict_capacity_limit : 0
    memory_allocator : None
    high_pri_pool_ratio: 0.500
  block_cache_compressed: (nil)
  persistent_cache: (nil)
  block_size: 65536
  block_size_deviation: 10
  block_restart_interval: 16
  index_block_restart_interval: 1
  metadata_block_size: 4096
  partition_filters: 0
  use_delta_encoding: 1
  filter_policy: rocksdb.BuiltinBloomFilter
  whole_key_filtering: 1
  verify_compression: 0
  read_amp_bytes_per_bit: 0
  format_version: 2
  enable_index_compression: 1
  block_align: 0
2020/09/04-23:28:36.209933 7fe494dee700        Options.write_buffer_size: 4194304
2020/09/04-23:28:36.209934 7fe494dee700  Options.max_write_buffer_number: 6
2020/09/04-23:28:36.209935 7fe494dee700          Options.compression: Snappy
2020/09/04-23:28:36.209936 7fe494dee700                  Options.bottommost_compression: Disabled
2020/09/04-23:28:36.209936 7fe494dee700       Options.prefix_extractor: nullptr
2020/09/04-23:28:36.209937 7fe494dee700   Options.memtable_insert_with_hint_prefix_extractor: nullptr
2020/09/04-23:28:36.209938 7fe494dee700             Options.num_levels: 7
2020/09/04-23:28:36.209939 7fe494dee700        Options.min_write_buffer_number_to_merge: 2
2020/09/04-23:28:36.209940 7fe494dee700     Options.max_write_buffer_number_to_maintain: 0
2020/09/04-23:28:36.209941 7fe494dee700     Options.max_write_buffer_size_to_maintain: 0
2020/09/04-23:28:36.209942 7fe494dee700            Options.bottommost_compression_opts.window_bits: -14
2020/09/04-23:28:36.209942 7fe494dee700                  Options.bottommost_compression_opts.level: 32767
2020/09/04-23:28:36.209943 7fe494dee700               Options.bottommost_compression_opts.strategy: 0
2020/09/04-23:28:36.209944 7fe494dee700         Options.bottommost_compression_opts.max_dict_bytes: 0
2020/09/04-23:28:36.209945 7fe494dee700         Options.bottommost_compression_opts.zstd_max_train_bytes: 0
2020/09/04-23:28:36.209946 7fe494dee700                  Options.bottommost_compression_opts.enabled: false
2020/09/04-23:28:36.209947 7fe494dee700            Options.compression_opts.window_bits: -14
2020/09/04-23:28:36.209948 7fe494dee700                  Options.compression_opts.level: 32767
2020/09/04-23:28:36.209948 7fe494dee700               Options.compression_opts.strategy: 0
2020/09/04-23:28:36.209949 7fe494dee700         Options.compression_opts.max_dict_bytes: 0
2020/09/04-23:28:36.209957 7fe494dee700         Options.compression_opts.zstd_max_train_bytes: 0
2020/09/04-23:28:36.209959 7fe494dee700                  Options.compression_opts.enabled: false
2020/09/04-23:28:36.209959 7fe494dee700      Options.level0_file_num_compaction_trigger: 2
2020/09/04-23:28:36.209960 7fe494dee700          Options.level0_slowdown_writes_trigger: 20
2020/09/04-23:28:36.209961 7fe494dee700              Options.level0_stop_writes_trigger: 36
2020/09/04-23:28:36.209962 7fe494dee700                   Options.target_file_size_base: 268435456
2020/09/04-23:28:36.209963 7fe494dee700             Options.target_file_size_multiplier: 1
2020/09/04-23:28:36.209964 7fe494dee700                Options.max_bytes_for_level_base: 16777216
2020/09/04-23:28:36.209965 7fe494dee700 Options.level_compaction_dynamic_level_bytes: 1
2020/09/04-23:28:36.209965 7fe494dee700          Options.max_bytes_for_level_multiplier: 10.000000
2020/09/04-23:28:36.209967 7fe494dee700 Options.max_bytes_for_level_multiplier_addtl[0]: 1
2020/09/04-23:28:36.209968 7fe494dee700 Options.max_bytes_for_level_multiplier_addtl[1]: 1
2020/09/04-23:28:36.209969 7fe494dee700 Options.max_bytes_for_level_multiplier_addtl[2]: 1
2020/09/04-23:28:36.209970 7fe494dee700 Options.max_bytes_for_level_multiplier_addtl[3]: 1
2020/09/04-23:28:36.209971 7fe494dee700 Options.max_bytes_for_level_multiplier_addtl[4]: 1
2020/09/04-23:28:36.209971 7fe494dee700 Options.max_bytes_for_level_multiplier_addtl[5]: 1
2020/09/04-23:28:36.209972 7fe494dee700 Options.max_bytes_for_level_multiplier_addtl[6]: 1
2020/09/04-23:28:36.209973 7fe494dee700       Options.max_sequential_skip_in_iterations: 8
2020/09/04-23:28:36.209974 7fe494dee700                    Options.max_compaction_bytes: 6710886400
2020/09/04-23:28:36.209975 7fe494dee700                        Options.arena_block_size: 524288
2020/09/04-23:28:36.209976 7fe494dee700   Options.soft_pending_compaction_bytes_limit: 68719476736
2020/09/04-23:28:36.209977 7fe494dee700   Options.hard_pending_compaction_bytes_limit: 274877906944
2020/09/04-23:28:36.209978 7fe494dee700       Options.rate_limit_delay_max_milliseconds: 100
2020/09/04-23:28:36.209978 7fe494dee700                Options.disable_auto_compactions: 0
2020/09/04-23:28:36.209979 7fe494dee700                        Options.compaction_style: kCompactionStyleLevel
2020/09/04-23:28:36.209981 7fe494dee700                          Options.compaction_pri: kMinOverlappingRatio
2020/09/04-23:28:36.209981 7fe494dee700 Options.compaction_options_universal.size_ratio: 1
2020/09/04-23:28:36.209982 7fe494dee700 Options.compaction_options_universal.min_merge_width: 2
2020/09/04-23:28:36.209983 7fe494dee700 Options.compaction_options_universal.max_merge_width: 4294967295
2020/09/04-23:28:36.209984 7fe494dee700 Options.compaction_options_universal.max_size_amplification_percent: 200
2020/09/04-23:28:36.209985 7fe494dee700 Options.compaction_options_universal.compression_size_percent: -1
